4.376902880505113558e-01,7.260518313458509398e-01,5.200609834715603785e-01,1.017642500473600192e-01,1.834521782343935190e-02,-1.095508153812633188e-02,0.000000000000000000e+00,0.000000000000000000e+00
1.409250474404266928e-01,4.974867357275928326e-01,-8.424176298964908272e-01,1.513087578991688387e-01,-9.231395798532507357e-03,2.381873411393192687e-04,0.000000000000000000e+00,0.000000000000000000e+00
0.000000000000000000e+00,0.000000000000000000e+00,0.000000000000000000e+00,0.000000000000000000e+00,0.000000000000000000e+00,0.000000000000000000e+00,1.000000000000000000e+00,0.000000000000000000e+00
8.041071773671597533e-01,-3.236648385138823358e-01,-1.375259653921065695e-01,-4.532622145299734506e-01,-5.021036659256764012e-02,-1.475520668286049997e-01,0.000000000000000000e+00,0.000000000000000000e+00
3.508275329564846667e-01,-3.432354793933588000e-01,1.191180361763233622e-02,8.700851808501079976e-01,3.195002432292688016e-02,-2.997550250878423458e-02,0.000000000000000000e+00,0.000000000000000000e+00
3.723955966849473720e-02,-8.896642247692116562e-03,1.622228706886829144e-02,2.908937261247821274e-02,-9.035580308155488627e-01,4.254498744909665509e-01,0.000000000000000000e+00,0.000000000000000000e+00
0.000000000000000000e+00,0.000000000000000000e+00,0.000000000000000000e+00,0.000000000000000000e+00,0.000000000000000000e+00,0.000000000000000000e+00,0.000000000000000000e+00,1.000000000000000000e+00
1.323338481725526705e-01,-5.202897007005291563e-02,-2.346626280369015077e-02,-5.838363247298521824e-02,4.238150944642642970e-01,8.923016253346494064e-01,0.000000000000000000e+00,0.000000000000000000e+00
