-5.389705406132048182e-01,7.410177491380686154e-01,3.301589565263162163e-01,2.228002871722349898e-01,4.036234736991775596e-02,1.137665107577016249e-02,0.000000000000000000e+00,0.000000000000000000e+00
-1.199323772830642038e-01,-4.403833430815241590e-01,8.799045411396451133e-01,-1.183496386952103130e-01,-5.465975199154025910e-02,-2.126990903494374932e-02,0.000000000000000000e+00,0.000000000000000000e+00
0.000000000000000000e+00,0.000000000000000000e+00,0.000000000000000000e+00,0.000000000000000000e+00,0.000000000000000000e+00,0.000000000000000000e+00,1.000000000000000000e+00,0.000000000000000000e+00
-7.295211812474042823e-01,-2.341257508806095788e-01,-2.942114504384147899e-01,-5.388492520184333667e-01,-8.634058417244053554e-03,-1.897117232839079515e-01,0.000000000000000000e+00,0.000000000000000000e+00
-3.838981519556794453e-01,-4.465175534371985111e-01,-1.650188324765339276e-01,7.876606239011000321e-01,6.113648593180066176e-02,4.319884221981363376e-02,0.000000000000000000e+00,0.000000000000000000e+00
-3.377148187471055996e-02,-4.727388592130993966e-02,1.899985242999364943e-02,-1.329285699603607040e-01,8.551010295665570915e-01,4.973890799485025105e-01,0.000000000000000000e+00,0.000000000000000000e+00
0.000000000000000000e+00,0.000000000000000000e+00,0.000000000000000000e+00,0.000000000000000000e+00,0.000000000000000000e+00,0.000000000000000000e+00,0.000000000000000000e+00,1.000000000000000000e+00
-1.200313429014875088e-01,-2.296940477329217564e-02,-5.109280647927733759e-02,-8.896974485678364741e-02,-5.102677775290006545e-01,8.450831840756538593e-01,0.000000000000000000e+00,0.000000000000000000e+00
