7.876916347788375438e-04,1.504350147533397826e-03,3.966456820654026653e-03,-2.938447142853812394e-03,-4.134240827865329204e-02,-8.596655526624243093e-02,-9.226004355555811678e-03,-1.252195442176101126e-01,1.524538225373059386e-01,3.356892542182870476e-01,9.151103013795353069e-01,4.185624646703898361e-02,0.000000000000000000e+00,0.000000000000000000e+00,0.000000000000000000e+00,0.000000000000000000e+00
-5.349497713176956036e-05,-9.361710814652555676e-05,-2.474178648505891945e-04,3.361179231954297512e-04,3.355367402385887789e-03,9.555749292633891612e-03,-1.327803112775956945e-02,-5.506882398436007547e-02,3.511531146089784394e-02,9.254075522934671061e-02,-9.761294802901617591e-04,-9.934236420363772302e-01,0.000000000000000000e+00,0.000000000000000000e+00,0.000000000000000000e+00,0.000000000000000000e+00
1.514203197319436388e-02,3.704587169604273145e-02,1.626191491736565520e-01,-9.756404311946894614e-01,1.395565745370417055e-01,-2.455295478483194432e-02,4.204745842051424018e-06,-7.099590171138715148e-05,2.594150802704271144e-04,3.317055227069618710e-04,-8.350885499170047259e-05,-9.568979141975375872e-05,0.000000000000000000e+00,0.000000000000000000e+00,0.000000000000000000e+00,0.000000000000000000e+00
8.078408258689102617e-01,-5.873112035766009376e-01,-4.272359339897562058e-02,-1.417212547869134420e-02,1.680212981102740047e-02,-1.225855524408211994e-02,-4.146673291259285924e-07,-9.522364944404013094e-06,6.410274644526837919e-05,7.814074632034187853e-05,-2.183209585010860543e-05,-3.337442533985666103e-05,0.000000000000000000e+00,0.000000000000000000e+00,0.000000000000000000e+00,0.000000000000000000e+00
0.000000000000000000e+00,0.000000000000000000e+00,0.000000000000000000e+00,0.000000000000000000e+00,0.000000000000000000e+00,0.000000000000000000e+00,0.000000000000000000e+00,0.000000000000000000e+00,0.000000000000000000e+00,0.000000000000000000e+00,0.000000000000000000e+00,0.000000000000000000e+00,1.000000000000000000e+00,0.000000000000000000e+00,0.000000000000000000e+00,0.000000000000000000e+00
0.000000000000000000e+00,0.000000000000000000e+00,0.000000000000000000e+00,0.000000000000000000e+00,0.000000000000000000e+00,0.000000000000000000e+00,0.000000000000000000e+00,0.000000000000000000e+00,0.000000000000000000e+00,0.000000000000000000e+00,0.000000000000000000e+00,0.000000000000000000e+00,0.000000000000000000e+00,1.000000000000000000e+00,0.000000000000000000e+00,0.000000000000000000e+00
5.816498954710171976e-01,7.809661673110416258e-01,1.871630637551499332e-01,5.465435164502906867e-02,-9.410453100712758145e-02,7.001546514747152006e-02,1.731642065527154605e-05,4.123011739354432462e-05,-3.208103437108050836e-04,-4.009900878868282890e-04,1.042147574165746112e-04,1.712816147050957329e-04,0.000000000000000000e+00,0.000000000000000000e+00,0.000000000000000000e+00,0.000000000000000000e+00
8.020383424555787080e-03,1.530747421266012015e-02,4.046066113009218201e-02,-3.078184602303632098e-02,-4.242268627698702055e-01,-8.914744051617655707e-01,2.222239600983843405e-02,-7.599177039577878490e-02,-3.940210078807147853e-02,2.892837715475272964e-02,-1.172249655298404636e-01,-4.697684333488046787e-03,0.000000000000000000e+00,0.000000000000000000e+00,0.000000000000000000e+00,0.000000000000000000e+00
-1.350409380421086110e-02,-2.653476774344230849e-02,-2.103603818419023594e-02,-4.067747167816550963e-02,-2.153604526205918079e-01,2.071045395918770238e-01,1.977176315307034929e-02,-9.285584455964509543e-01,-1.401731552083824162e-01,8.100293821291945640e-02,-1.260043495929471236e-01,5.518300472993143552e-02,0.000000000000000000e+00,0.000000000000000000e+00,0.000000000000000000e+00,0.000000000000000000e+00
-2.929278316371562024e-02,-5.765838910105255261e-02,-3.999664618480311407e-02,-9.946113372406413522e-02,-5.788030875715067802e-01,2.938602850328512761e-01,6.556028196586582979e-02,3.283238621468575480e-01,-4.353015989559128607e-01,5.066634961936481441e-01,-6.694600442914649951e-02,1.365488655119746070e-02,0.000000000000000000e+00,0.000000000000000000e+00,0.000000000000000000e+00,0.000000000000000000e+00
8.265744140916581051e-02,1.897133348475154024e-01,-9.651289149715666094e-01,-1.451384257067389605e-01,4.107249653558103786e-02,-5.431718683231788469e-02,-9.194152574318910563e-06,-4.834950167974693314e-05,3.158971266037850605e-04,4.054880407046454016e-04,-1.134995579389923081e-04,-1.629630532940376313e-04,0.000000000000000000e+00,0.000000000000000000e+00,0.000000000000000000e+00,0.000000000000000000e+00
-4.740037532410107217e-03,-9.348512982576013403e-03,-5.702830832990127274e-03,-1.765758212792967879e-02,-1.091207556813949819e-01,2.612640784689315016e-02,-9.931014778233322460e-01,1.012468063700331343e-02,2.851709675726513821e-03,-2.151383699590715334e-02,-4.187124487887564084e-03,1.069263769727268713e-02,0.000000000000000000e+00,0.000000000000000000e+00,0.000000000000000000e+00,0.000000000000000000e+00
0.000000000000000000e+00,0.000000000000000000e+00,0.000000000000000000e+00,0.000000000000000000e+00,0.000000000000000000e+00,0.000000000000000000e+00,0.000000000000000000e+00,0.000000000000000000e+00,0.000000000000000000e+00,0.000000000000000000e+00,0.000000000000000000e+00,0.000000000000000000e+00,0.000000000000000000e+00,0.000000000000000000e+00,1.000000000000000000e+00,0.000000000000000000e+00
0.000000000000000000e+00,0.000000000000000000e+00,0.000000000000000000e+00,0.000000000000000000e+00,0.000000000000000000e+00,0.000000000000000000e+00,0.000000000000000000e+00,0.000000000000000000e+00,0.000000000000000000e+00,0.000000000000000000e+00,0.000000000000000000e+00,0.000000000000000000e+00,0.000000000000000000e+00,0.000000000000000000e+00,0.000000000000000000e+00,1.000000000000000000e+00
1.617470463706341399e-02,3.182948131933705654e-02,2.147905701561250713e-02,5.574995023372866787e-02,3.299314152443918458e-01,-1.522852361997735771e-01,-4.150513854968775063e-02,-3.463415106999177817e-02,-8.745137436089089888e-01,-2.106347210682064652e-01,2.206429086260909556e-01,-4.861642443300551175e-02,0.000000000000000000e+00,0.000000000000000000e+00,0.000000000000000000e+00,0.000000000000000000e+00
-2.501197342173563237e-02,-4.927641150642619178e-02,-3.220083955434534934e-02,-8.915911974868376277e-02,-5.346540349426084360e-01,1.899121962157826193e-01,8.113226531904890737e-02,6.475610482782521993e-02,7.316538050641903899e-03,-7.548592157448620332e-01,2.824371982932833980e-01,-7.500585649608758343e-02,0.000000000000000000e+00,0.000000000000000000e+00,0.000000000000000000e+00,0.000000000000000000e+00
