2.539158163217197588e-04,2.448762491658425383e-05,3.057921841182182732e-04,1.963337536038834569e-02,-5.907936852851411805e-03,1.456576534593798933e-01,3.111259302843719654e-01,-6.040618034074900916e-02,-8.971669822873231670e-01,-2.113087823754448147e-01,1.550979205432581609e-01,-6.557213256325317152e-02,0.000000000000000000e+00,0.000000000000000000e+00,0.000000000000000000e+00,0.000000000000000000e+00
-3.644181237264884523e-04,-3.448475015666191027e-05,-4.736432814851458391e-04,-2.797928485028701451e-02,8.602497560066764415e-03,-2.091371980725180157e-01,-9.171552741367049455e-01,-2.227501471913450812e-02,-3.202511826314846100e-01,-8.868059890234794573e-02,5.751073402726043088e-02,-1.380009221600291035e-03,0.000000000000000000e+00,0.000000000000000000e+00,0.000000000000000000e+00,0.000000000000000000e+00
7.632901651328159688e-04,-3.281488145838912501e-03,1.468888542825892360e-02,-9.856333933752862153e-01,-1.103024095280330102e-01,1.270158766256640204e-01,1.240623435734318090e-04,4.766139436234863072e-06,-1.498842643168639183e-04,-8.137747287499543078e-05,1.861632504340567654e-05,-2.051965337499967747e-05,0.000000000000000000e+00,0.000000000000000000e+00,0.000000000000000000e+00,0.000000000000000000e+00
3.492147995729207120e-03,-9.990498730369273828e-01,-4.335259137394654322e-02,2.554891686801171163e-03,1.085713614713924380e-03,-4.953203681478574353e-05,1.992560841448459400e-06,-1.151079229913085398e-05,3.267900279179801735e-06,-3.418141436094187419e-06,6.663640459360024097e-06,-2.489206878122037533e-06,0.000000000000000000e+00,0.000000000000000000e+00,0.000000000000000000e+00,0.000000000000000000e+00
0.000000000000000000e+00,0.000000000000000000e+00,0.000000000000000000e+00,0.000000000000000000e+00,0.000000000000000000e+00,0.000000000000000000e+00,0.000000000000000000e+00,0.000000000000000000e+00,0.000000000000000000e+00,0.000000000000000000e+00,0.000000000000000000e+00,0.000000000000000000e+00,1.000000000000000000e+00,0.000000000000000000e+00,0.000000000000000000e+00,0.000000000000000000e+00
0.000000000000000000e+00,0.000000000000000000e+00,0.000000000000000000e+00,0.000000000000000000e+00,0.000000000000000000e+00,0.000000000000000000e+00,0.000000000000000000e+00,0.000000000000000000e+00,0.000000000000000000e+00,0.000000000000000000e+00,0.000000000000000000e+00,0.000000000000000000e+00,0.000000000000000000e+00,1.000000000000000000e+00,0.000000000000000000e+00,0.000000000000000000e+00
-9.998549865331738395e-01,-2.825263342416157661e-03,-1.536189431774921330e-02,-1.407951880264926440e-03,6.255436142036995516e-03,2.218801080415912490e-03,8.209698520290206900e-07,-7.836378415213983602e-06,1.329415610765605565e-06,2.320232352107988522e-06,5.120692093324446612e-06,-3.354028319783756953e-06,0.000000000000000000e+00,0.000000000000000000e+00,0.000000000000000000e+00,0.000000000000000000e+00
-1.655367513700887203e-03,-1.475604903644989825e-04,-2.121619938345976376e-03,-1.271229428727224664e-01,3.927983133855256215e-02,-9.524541976396988519e-01,2.476568736699320816e-01,-1.789858181939222789e-02,-3.792697501064470206e-02,-8.593131044148061282e-02,6.728686577993860107e-02,-1.077665049364175641e-02,0.000000000000000000e+00,0.000000000000000000e+00,0.000000000000000000e+00,0.000000000000000000e+00
-1.894109372216859488e-03,-6.634851825723129615e-04,1.029120169265665581e-02,4.012043636145486147e-02,-2.892932681129624650e-01,5.859837139286426522e-02,-6.997158900844064125e-03,-1.409777968901219057e-02,2.364955175616605398e-01,-9.230685091355674832e-01,5.277018273533682496e-02,1.174936558879329310e-02,0.000000000000000000e+00,0.000000000000000000e+00,0.000000000000000000e+00,0.000000000000000000e+00
-4.610178528764293134e-03,-1.552876528956682184e-03,2.321610898704838666e-02,7.048243203971614468e-02,-6.560541939827996272e-01,-2.532465827040746367e-02,5.559363619798989367e-03,-6.417179694828219205e-02,3.557084414195630772e-03,2.447019098437679674e-01,5.130887175427847335e-01,4.859223132131348377e-01,0.000000000000000000e+00,0.000000000000000000e+00,0.000000000000000000e+00,0.000000000000000000e+00
-1.500406941013709104e-02,-4.330158163780745140e-02,9.982145987351961347e-01,1.062662557485780784e-02,3.674419382864144157e-02,-2.097170125193742289e-03,-2.721827959917158615e-06,4.938754386566097579e-05,-2.825940579498150839e-05,-6.013318576008290896e-06,-4.260024072005227496e-05,4.038440315387696611e-05,0.000000000000000000e+00,0.000000000000000000e+00,0.000000000000000000e+00,0.000000000000000000e+00
-8.175475635499173006e-04,-2.751284336126809437e-04,3.834478049618993481e-03,9.609322668055142458e-03,-1.102443281506929051e-01,-2.173793906263281686e-02,3.224747577599367671e-03,9.910098248265598597e-01,-7.019797565674643081e-02,-3.879609082285851861e-04,-1.421318721463190986e-02,-5.007079161809058557e-03,0.000000000000000000e+00,0.000000000000000000e+00,0.000000000000000000e+00,0.000000000000000000e+00
0.000000000000000000e+00,0.000000000000000000e+00,0.000000000000000000e+00,0.000000000000000000e+00,0.000000000000000000e+00,0.000000000000000000e+00,0.000000000000000000e+00,0.000000000000000000e+00,0.000000000000000000e+00,0.000000000000000000e+00,0.000000000000000000e+00,0.000000000000000000e+00,0.000000000000000000e+00,0.000000000000000000e+00,1.000000000000000000e+00,0.000000000000000000e+00
0.000000000000000000e+00,0.000000000000000000e+00,0.000000000000000000e+00,0.000000000000000000e+00,0.000000000000000000e+00,0.000000000000000000e+00,0.000000000000000000e+00,0.000000000000000000e+00,0.000000000000000000e+00,0.000000000000000000e+00,0.000000000000000000e+00,0.000000000000000000e+00,0.000000000000000000e+00,0.000000000000000000e+00,0.000000000000000000e+00,1.000000000000000000e+00
2.562580431043124437e-03,8.643842577728723256e-04,-1.299643633486762158e-02,-3.964324057386118400e-02,3.658504622384773919e-01,1.157137548180471945e-02,2.209833553319868679e-02,3.635362915058604899e-02,-7.498030027056648561e-02,-1.405861054922312725e-01,-2.789309380112395820e-01,8.713626370451367231e-01,0.000000000000000000e+00,0.000000000000000000e+00,0.000000000000000000e+00,0.000000000000000000e+00
-4.134245046103119520e-03,-1.369627072065990976e-03,2.007710872768404473e-02,5.324920876015031695e-02,-5.698184347292525320e-01,-8.397965842264065728e-02,1.069177074245692381e-02,-8.829342579199395136e-02,-1.568423517916809617e-01,9.165725432027600761e-02,-7.899749482420903579e-01,-5.078837491109100544e-03,0.000000000000000000e+00,0.000000000000000000e+00,0.000000000000000000e+00,0.000000000000000000e+00
