-4.279629982063417465e-02,-4.669786201307462581e-01,4.104847963910721043e-02,-8.822779029503039494e-01,3.469468159086322640e-04,-2.092349066656932978e-04,5.172001945306900402e-05,8.638733993452096997e-06,1.648309356321192451e-05,-3.939786479051310094e-05,2.439326640611849079e-05,5.247397891153548455e-06,0.000000000000000000e+00,0.000000000000000000e+00,0.000000000000000000e+00,0.000000000000000000e+00
-1.521594815846381583e-03,-1.497582031903902516e-02,1.113957791910622636e-03,7.991756122637810530e-03,-8.405191913309659202e-02,2.669014489404372137e-01,8.246369852056140148e-02,-5.091246308511043761e-02,-4.616080721617737415e-01,-8.262573196827178723e-01,1.058697445666511444e-01,7.087508881103446456e-02,0.000000000000000000e+00,0.000000000000000000e+00,0.000000000000000000e+00,0.000000000000000000e+00
-5.311353239340165650e-02,-5.231030829148769490e-01,3.833398836402554521e-02,2.814885602595741387e-01,7.663428562664899024e-01,2.058821928931773848e-01,7.248969767301516320e-02,-3.629221821956270938e-02,3.878613237035299227e-02,-1.230350429429184940e-02,-4.435896133298181110e-02,5.452176915491836057e-02,0.000000000000000000e+00,0.000000000000000000e+00,0.000000000000000000e+00,0.000000000000000000e+00
1.108708665480245261e-03,1.093579361275108866e-02,-8.010378376816227382e-04,-5.937329241144193893e-03,-2.950586600337683219e-02,2.470571670135617848e-01,1.560126384361412155e-01,9.436385427896090139e-01,-3.197048141060510745e-02,3.658193807013972176e-02,-1.380309902615613205e-01,-4.158002891657307937e-02,0.000000000000000000e+00,0.000000000000000000e+00,0.000000000000000000e+00,0.000000000000000000e+00
0.000000000000000000e+00,0.000000000000000000e+00,0.000000000000000000e+00,0.000000000000000000e+00,0.000000000000000000e+00,0.000000000000000000e+00,0.000000000000000000e+00,0.000000000000000000e+00,0.000000000000000000e+00,0.000000000000000000e+00,0.000000000000000000e+00,0.000000000000000000e+00,1.000000000000000000e+00,0.000000000000000000e+00,0.000000000000000000e+00,0.000000000000000000e+00
0.000000000000000000e+00,0.000000000000000000e+00,0.000000000000000000e+00,0.000000000000000000e+00,0.000000000000000000e+00,0.000000000000000000e+00,0.000000000000000000e+00,0.000000000000000000e+00,0.000000000000000000e+00,0.000000000000000000e+00,0.000000000000000000e+00,0.000000000000000000e+00,0.000000000000000000e+00,1.000000000000000000e+00,0.000000000000000000e+00,0.000000000000000000e+00
9.951070969594756344e-01,-9.788861008010216191e-02,1.275090185816976467e-02,4.135188363124266478e-03,-1.007279094420693408e-05,1.123200793579188420e-05,-3.306751236172482137e-06,-1.331853941065834372e-06,1.678088833042899587e-06,1.981957934592115752e-06,-6.355943260614754712e-06,5.385697216596075737e-06,0.000000000000000000e+00,0.000000000000000000e+00,0.000000000000000000e+00,0.000000000000000000e+00
-6.905050798072398521e-02,-6.800106200876200324e-01,4.983309608473658614e-02,3.654444395675894852e-01,-4.946878490646411386e-01,-2.527397756496428394e-01,-1.370258379758206302e-01,8.565809927518509836e-02,-1.455984469049421137e-01,4.707596774166216552e-02,1.091271292762277384e-01,-1.635664108936308869e-01,0.000000000000000000e+00,0.000000000000000000e+00,0.000000000000000000e+00,0.000000000000000000e+00
-4.156698810596455747e-03,-4.099107543208108800e-02,3.020063003979880575e-03,2.216099346040140139e-02,-3.854296008792995609e-02,-3.459945252844017216e-01,9.330483209491768903e-01,-6.011475133065798809e-02,2.594157461915525681e-02,-2.070109033348194530e-02,6.089457195831221407e-03,3.567796805527094495e-02,0.000000000000000000e+00,0.000000000000000000e+00,0.000000000000000000e+00,0.000000000000000000e+00
-1.022633234587808602e-02,-1.006681517171101048e-01,7.391169392722026291e-03,5.401008037356123948e-02,-2.077210941012267442e-01,2.911432131429942394e-01,6.241472797763757130e-02,-2.584036224092823436e-02,8.422188283870323255e-01,-3.266064204478962285e-01,1.858440228646837111e-01,-6.141312053873035359e-02,0.000000000000000000e+00,0.000000000000000000e+00,0.000000000000000000e+00,0.000000000000000000e+00
5.244099384944308530e-03,-7.681314898953499337e-02,-9.970137512880140607e-01,-5.984766873203081761e-03,3.827904405395160044e-07,7.600322491106403699e-06,2.070410822521194817e-05,-2.724831137133612800e-07,-7.015949717824518243e-07,-1.085041254167066288e-05,3.465633369210374920e-05,-8.129987680679951753e-06,0.000000000000000000e+00,0.000000000000000000e+00,0.000000000000000000e+00,0.000000000000000000e+00
-5.811858590475086836e-03,-5.716109166352863202e-02,4.205082889384395735e-03,3.051700201134890586e-02,-2.151058720094637111e-01,5.595318167069809334e-01,1.818551365189769453e-01,-1.218374439571041079e-01,-1.729705613607755432e-01,4.195882495839719506e-01,4.321550212888248810e-01,4.424440546215306358e-01,0.000000000000000000e+00,0.000000000000000000e+00,0.000000000000000000e+00,0.000000000000000000e+00
0.000000000000000000e+00,0.000000000000000000e+00,0.000000000000000000e+00,0.000000000000000000e+00,0.000000000000000000e+00,0.000000000000000000e+00,0.000000000000000000e+00,0.000000000000000000e+00,0.000000000000000000e+00,0.000000000000000000e+00,0.000000000000000000e+00,0.000000000000000000e+00,0.000000000000000000e+00,0.000000000000000000e+00,1.000000000000000000e+00,0.000000000000000000e+00
0.000000000000000000e+00,0.000000000000000000e+00,0.000000000000000000e+00,0.000000000000000000e+00,0.000000000000000000e+00,0.000000000000000000e+00,0.000000000000000000e+00,0.000000000000000000e+00,0.000000000000000000e+00,0.000000000000000000e+00,0.000000000000000000e+00,0.000000000000000000e+00,0.000000000000000000e+00,0.000000000000000000e+00,0.000000000000000000e+00,1.000000000000000000e+00
-1.084436125725306115e-02,-1.066839908518181779e-01,7.793054227085976539e-03,5.714749350718468374e-02,-2.625475243624855182e-01,3.463763470159435531e-01,1.000622630774845728e-01,-2.367996441479043868e-01,1.637890680291335336e-03,6.290268012589372848e-02,-8.484468610570521374e-01,7.974050430466324280e-02,0.000000000000000000e+00,0.000000000000000000e+00,0.000000000000000000e+00,0.000000000000000000e+00
-6.086326740715293331e-03,-5.991805735385253434e-02,4.374618729308122830e-03,3.229388327447030305e-02,-1.522384629711285783e-02,-3.520404060702330140e-01,-1.651376418419602810e-01,1.519863304591471953e-01,1.525306067200729032e-01,-1.627321218212109122e-01,-1.211093410746006266e-01,8.696904337169183430e-01,0.000000000000000000e+00,0.000000000000000000e+00,0.000000000000000000e+00,0.000000000000000000e+00
