4.066716336202365160e-03,-4.127685500915304617e-01,1.110003701447996732e-01,-9.040375542346885673e-01,3.265187204543361973e-04,-4.427262433231072170e-04,7.081477968480475967e-05,-2.767989136901241316e-04,2.474287799536824262e-04,3.730053550004570743e-04,-9.524030998039449160e-05,-1.027451773533806723e-04,0.000000000000000000e+00,0.000000000000000000e+00,0.000000000000000000e+00,0.000000000000000000e+00
1.222712658185527278e-03,-1.472408641340386404e-02,4.607142534829198992e-03,7.174911686482144529e-03,-8.180268956099905064e-02,2.651229422869527674e-01,8.494228907552422991e-02,-2.663654339662386780e-02,5.606445084430337900e-02,-1.359633620104662988e-01,3.272716397740908501e-01,-8.866038935214219929e-01,0.000000000000000000e+00,0.000000000000000000e+00,0.000000000000000000e+00,0.000000000000000000e+00
4.408622619198945825e-02,-5.146657173304336474e-01,1.589967602312794270e-01,2.549047570028195597e-01,7.690438460431742174e-01,1.993237015775551901e-01,7.003185904136126350e-02,2.960137081882992585e-02,6.539419343313315758e-02,-6.451726209420585549e-03,-4.058277730344646977e-02,-3.890302740112702024e-03,0.000000000000000000e+00,0.000000000000000000e+00,0.000000000000000000e+00,0.000000000000000000e+00
-8.995983300343053744e-04,1.075605684507205222e-02,-3.311012088749731852e-03,-4.866627059586024588e-03,1.020115864885890178e-01,-3.898735961960684837e-01,-1.358129284221488708e-01,3.818778226290617250e-01,-6.322808910079302791e-03,7.170924966499158115e-01,-2.102260380178471999e-01,-3.386866245703116785e-01,0.000000000000000000e+00,0.000000000000000000e+00,0.000000000000000000e+00,0.000000000000000000e+00
0.000000000000000000e+00,0.000000000000000000e+00,0.000000000000000000e+00,0.000000000000000000e+00,0.000000000000000000e+00,0.000000000000000000e+00,0.000000000000000000e+00,0.000000000000000000e+00,0.000000000000000000e+00,0.000000000000000000e+00,0.000000000000000000e+00,0.000000000000000000e+00,1.000000000000000000e+00,0.000000000000000000e+00,0.000000000000000000e+00,0.000000000000000000e+00
0.000000000000000000e+00,0.000000000000000000e+00,0.000000000000000000e+00,0.000000000000000000e+00,0.000000000000000000e+00,0.000000000000000000e+00,0.000000000000000000e+00,0.000000000000000000e+00,0.000000000000000000e+00,0.000000000000000000e+00,0.000000000000000000e+00,0.000000000000000000e+00,0.000000000000000000e+00,1.000000000000000000e+00,0.000000000000000000e+00,0.000000000000000000e+00
9.968429535804451680e-01,7.379253505913280220e-02,7.782587627350786436e-03,-2.825266971863776497e-02,-7.352146192278936570e-06,1.847779363462016949e-05,-2.240492928448122517e-05,-5.544015162322214735e-05,2.162023811298922552e-05,1.392875053428421161e-05,1.183374560578375369e-05,-2.962426447961025660e-05,0.000000000000000000e+00,0.000000000000000000e+00,0.000000000000000000e+00,0.000000000000000000e+00
5.729229263793523402e-02,-6.690721442525735529e-01,2.068231478462039252e-01,3.310281841217498910e-01,-5.004770415625092728e-01,-2.417555294342502992e-01,-1.322663654794419552e-01,-8.028439339299227318e-02,-1.979546518852852155e-01,2.332869162010427905e-02,1.540686074818412576e-01,1.934418649786158462e-02,0.000000000000000000e+00,0.000000000000000000e+00,0.000000000000000000e+00,0.000000000000000000e+00
3.479692224098319703e-03,-4.024102385419246058e-02,1.235732034358918291e-02,2.013543637075817724e-02,-4.140636282575695104e-02,-3.303312256951794201e-01,9.405264612567941773e-01,5.971527628248001277e-03,3.896090236717520555e-02,-9.612625991048454749e-03,-2.547698744666601275e-02,-9.596466955161994314e-03,0.000000000000000000e+00,0.000000000000000000e+00,0.000000000000000000e+00,0.000000000000000000e+00
8.476211921717137499e-03,-9.905285090791306202e-02,3.069428441284458020e-02,4.889303779146386003e-02,-2.068784311858494762e-01,2.929912072258369915e-01,6.617723353908769313e-02,-9.479588321403339957e-02,-1.094546156070964893e-01,-1.010144062440151841e-01,-8.846678237169159909e-01,-1.998860133533512662e-01,0.000000000000000000e+00,0.000000000000000000e+00,0.000000000000000000e+00,0.000000000000000000e+00
-2.908357631642674579e-02,2.867369695454300982e-01,9.574727531539027892e-01,-1.348880573241125792e-02,6.330322284849330744e-05,1.456599158488047458e-05,9.275291131512275261e-05,-2.418326573747624924e-05,7.361656659624357744e-05,7.781050880062046642e-05,5.371028787072032272e-05,8.488981280486172581e-05,0.000000000000000000e+00,0.000000000000000000e+00,0.000000000000000000e+00,0.000000000000000000e+00
4.782273784790436709e-03,-5.620783117425484643e-02,1.725380629360189280e-02,2.785232465419255898e-02,-2.138216987178184481e-01,5.578767354683035196e-01,1.847822691649002591e-01,-2.548588851106999842e-01,2.923307155540623703e-01,6.343533961364123952e-01,1.342171068809194789e-01,1.839155903828021965e-01,0.000000000000000000e+00,0.000000000000000000e+00,0.000000000000000000e+00,0.000000000000000000e+00
0.000000000000000000e+00,0.000000000000000000e+00,0.000000000000000000e+00,0.000000000000000000e+00,0.000000000000000000e+00,0.000000000000000000e+00,0.000000000000000000e+00,0.000000000000000000e+00,0.000000000000000000e+00,0.000000000000000000e+00,0.000000000000000000e+00,0.000000000000000000e+00,0.000000000000000000e+00,0.000000000000000000e+00,1.000000000000000000e+00,0.000000000000000000e+00
0.000000000000000000e+00,0.000000000000000000e+00,0.000000000000000000e+00,0.000000000000000000e+00,0.000000000000000000e+00,0.000000000000000000e+00,0.000000000000000000e+00,0.000000000000000000e+00,0.000000000000000000e+00,0.000000000000000000e+00,0.000000000000000000e+00,0.000000000000000000e+00,0.000000000000000000e+00,0.000000000000000000e+00,0.000000000000000000e+00,1.000000000000000000e+00
9.020216793965288651e-03,-1.050205484263269096e-01,3.245257866096896981e-02,5.154451253787993570e-02,-2.246816625631247732e-01,2.331591785964580721e-01,4.387272737994089844e-02,8.162533637811656417e-01,3.944817900997385496e-01,-1.989030620036512376e-01,5.906329405983320839e-03,1.301026356089086677e-01,0.000000000000000000e+00,0.000000000000000000e+00,0.000000000000000000e+00,0.000000000000000000e+00
5.023742117288996535e-03,-5.889335005190622641e-02,1.818233092669119949e-02,2.959946555364089890e-02,-1.677494416449573991e-02,-3.449352303810650500e-01,-1.640183995582945586e-01,-3.254126519767973069e-01,8.359323494313267711e-01,-1.201804698045013109e-01,-1.482525726669670640e-01,-8.965157551401137237e-02,0.000000000000000000e+00,0.000000000000000000e+00,0.000000000000000000e+00,0.000000000000000000e+00
