-3.058596320748529530e-03,6.424071151475932440e-03,-1.272480746095852773e-02,5.254346559336058389e-03,3.641051554323227468e-01,-2.114281668325134200e-01,-8.869474522465964350e-01,5.724435833897137393e-02,1.183914948956966001e-01,-1.041400072661545079e-01,8.010257834691779377e-02,3.542038438309445814e-02,0.000000000000000000e+00,0.000000000000000000e+00,0.000000000000000000e+00,0.000000000000000000e+00
-6.515410152718327367e-05,1.482150305246459786e-04,-3.061039368264176089e-04,-2.918131280205464473e-05,4.590385995559386444e-03,1.939502837726552256e-03,-7.966714555392144514e-02,2.573121868090726735e-03,1.412900703584050732e-01,9.758104457145965194e-01,1.360756535951766488e-01,5.418558328567902455e-02,0.000000000000000000e+00,0.000000000000000000e+00,0.000000000000000000e+00,0.000000000000000000e+00
-1.720334285549864062e-02,4.989639647817160212e-02,-1.453129516406467259e-01,9.705965098481319497e-01,-1.093783524285410758e-01,-1.485623475523380754e-01,-9.635854675646851955e-04,8.871290244726476055e-04,3.498559404130722745e-04,3.444054794568747490e-04,1.680914914011635191e-03,1.333677184883442883e-03,0.000000000000000000e+00,0.000000000000000000e+00,0.000000000000000000e+00,0.000000000000000000e+00
-8.184349854789726431e-01,-5.730332940134034159e-01,2.892946750731415287e-02,1.416679387268141022e-02,-1.119707889525771959e-02,-2.517547097247584825e-02,-2.058957337487884467e-04,1.612403119116473024e-04,6.310633298311543445e-05,6.241161489989496792e-05,3.034959778543523212e-04,2.430306627343079798e-04,0.000000000000000000e+00,0.000000000000000000e+00,0.000000000000000000e+00,0.000000000000000000e+00
0.000000000000000000e+00,0.000000000000000000e+00,0.000000000000000000e+00,0.000000000000000000e+00,0.000000000000000000e+00,0.000000000000000000e+00,0.000000000000000000e+00,0.000000000000000000e+00,0.000000000000000000e+00,0.000000000000000000e+00,0.000000000000000000e+00,0.000000000000000000e+00,1.000000000000000000e+00,0.000000000000000000e+00,0.000000000000000000e+00,0.000000000000000000e+00
0.000000000000000000e+00,0.000000000000000000e+00,0.000000000000000000e+00,0.000000000000000000e+00,0.000000000000000000e+00,0.000000000000000000e+00,0.000000000000000000e+00,0.000000000000000000e+00,0.000000000000000000e+00,0.000000000000000000e+00,0.000000000000000000e+00,0.000000000000000000e+00,0.000000000000000000e+00,1.000000000000000000e+00,0.000000000000000000e+00,0.000000000000000000e+00
-5.666951625665679337e-01,7.929707604243361185e-01,-1.660806069898313198e-01,-4.951771657917633518e-02,5.504003901083323602e-02,1.303227334173245322e-01,1.074447876772890260e-03,-7.765052125499401388e-04,-3.109410329934659948e-04,-3.143621408277478429e-04,-1.526645030976918165e-03,-1.220356989013766632e-03,0.000000000000000000e+00,0.000000000000000000e+00,0.000000000000000000e+00,0.000000000000000000e+00
-6.299187143527922549e-03,1.320911246942338586e-02,-2.631273339577290191e-02,1.113984165505409879e-02,7.693313239995018815e-01,-4.653179288977435935e-01,4.313097714796152449e-01,-7.388713157172648906e-03,4.004724150210930977e-02,2.358544465403671075e-02,3.557040080919459529e-02,-3.270936129952665972e-02,0.000000000000000000e+00,0.000000000000000000e+00,0.000000000000000000e+00,0.000000000000000000e+00
1.552457730154656497e-02,-3.390088697181548039e-02,1.577059168628389130e-02,5.576663487015570686e-02,6.634753515079815089e-02,2.881062563979628899e-01,1.010741469068609372e-01,1.245184521696974557e-03,9.307018504102976264e-01,-1.323627394843273353e-01,7.268294820733955941e-02,-9.283158977703416526e-02,0.000000000000000000e+00,0.000000000000000000e+00,0.000000000000000000e+00,0.000000000000000000e+00
3.418461290646265111e-02,-7.477770953188003777e-02,3.047059283233339438e-02,1.301566079349539551e-01,3.169632602146218447e-01,5.597279899264149261e-01,-8.318591207034538998e-03,6.262471996891964821e-02,-2.931994382577647329e-01,-9.022880099637854007e-03,5.221927501104877134e-01,-4.459660637426933194e-01,0.000000000000000000e+00,0.000000000000000000e+00,0.000000000000000000e+00,0.000000000000000000e+00
-7.755358211216452358e-02,1.654888792088311245e-01,9.734136602136128635e-01,1.271805402651852157e-01,-4.147712169099478791e-03,-5.358156727305435352e-02,-5.478943246258104411e-04,3.647828956568543112e-04,1.741089411309602126e-04,1.799780693593759802e-04,8.402166381003384850e-04,6.627629402618909248e-04,0.000000000000000000e+00,0.000000000000000000e+00,0.000000000000000000e+00,0.000000000000000000e+00
5.647788309835787175e-03,-1.239663704547403454e-02,4.580645121946026570e-03,2.245518374671227196e-02,7.311216072868031990e-02,7.750100554665829977e-02,-5.969691483257918985e-02,-9.911694725204902578e-01,-2.057290395778637801e-02,5.991210078752496129e-03,-3.741942660986594810e-02,-9.870006222917681454e-03,0.000000000000000000e+00,0.000000000000000000e+00,0.000000000000000000e+00,0.000000000000000000e+00
0.000000000000000000e+00,0.000000000000000000e+00,0.000000000000000000e+00,0.000000000000000000e+00,0.000000000000000000e+00,0.000000000000000000e+00,0.000000000000000000e+00,0.000000000000000000e+00,0.000000000000000000e+00,0.000000000000000000e+00,0.000000000000000000e+00,0.000000000000000000e+00,0.000000000000000000e+00,0.000000000000000000e+00,1.000000000000000000e+00,0.000000000000000000e+00
0.000000000000000000e+00,0.000000000000000000e+00,0.000000000000000000e+00,0.000000000000000000e+00,0.000000000000000000e+00,0.000000000000000000e+00,0.000000000000000000e+00,0.000000000000000000e+00,0.000000000000000000e+00,0.000000000000000000e+00,0.000000000000000000e+00,0.000000000000000000e+00,0.000000000000000000e+00,0.000000000000000000e+00,0.000000000000000000e+00,1.000000000000000000e+00
-1.891423822133888807e-02,4.136299176459312665e-02,-1.635201309518846680e-02,-7.251299448990815300e-02,-1.880390133590591761e-01,-3.133478836891358532e-01,-6.069594018143018022e-02,-1.996334201642628245e-02,6.396940428299327519e-02,7.043618058726182352e-02,-2.427702307501513890e-01,-8.870101508477792329e-01,0.000000000000000000e+00,0.000000000000000000e+00,0.000000000000000000e+00,0.000000000000000000e+00
2.935930803732886285e-02,-6.428589699729937712e-02,2.470620350578318566e-02,1.146738333812606092e-01,3.388632581926455667e-01,4.424026211984228851e-01,-5.842873826013266630e-02,9.960650611356443307e-02,-8.791678457106415212e-02,1.174472166223388681e-01,-7.971763344323077316e-01,-1.864916975002634328e-02,0.000000000000000000e+00,0.000000000000000000e+00,0.000000000000000000e+00,0.000000000000000000e+00
