-1.777472170730133637e-04,3.073908874193463907e-04,-2.224701272528114269e-04,-1.072749107230843400e-02,2.415548337261554188e-03,-6.557529124607296145e-02,-1.253080113412936847e-02,1.317422965968009785e-01,-7.649856743661533898e-01,-6.256588472173881810e-01,-2.228795153294306150e-02,3.028052343072876185e-02,0.000000000000000000e+00,0.000000000000000000e+00,0.000000000000000000e+00,0.000000000000000000e+00
3.664123571934088718e-05,-2.347052403197375292e-05,2.543961151276450628e-05,2.090642470603800481e-03,-2.723422766373778431e-04,1.332405714144675041e-02,-9.563551701513962888e-02,9.726428884240115869e-01,1.017473261004501750e-01,8.654205921131807866e-02,-1.636560970315369123e-01,-3.509559429559463723e-03,0.000000000000000000e+00,0.000000000000000000e+00,0.000000000000000000e+00,0.000000000000000000e+00
-3.533379231507292190e-03,-4.365693520308065734e-02,1.269535845906655247e-01,9.673193315113882695e-01,1.538325844051245672e-01,-1.503102703822649100e-01,-2.292462157104354371e-06,4.981347512265687426e-05,-1.838890681932529793e-04,-7.097729864824757918e-05,3.518995657741899217e-05,-3.871353185859077218e-05,0.000000000000000000e+00,0.000000000000000000e+00,0.000000000000000000e+00,0.000000000000000000e+00
-2.911467993817253713e-02,-9.974423431489889413e-01,3.468887324429620334e-02,-5.193548902171555431e-02,1.847776759227919008e-02,4.366321020482594184e-03,-8.497595735972642909e-06,2.736959420092099226e-05,2.026397417460725316e-05,-7.369733689886256136e-06,-2.076297511647000083e-05,1.367019019321660528e-05,0.000000000000000000e+00,0.000000000000000000e+00,0.000000000000000000e+00,0.000000000000000000e+00
0.000000000000000000e+00,0.000000000000000000e+00,0.000000000000000000e+00,0.000000000000000000e+00,0.000000000000000000e+00,0.000000000000000000e+00,0.000000000000000000e+00,0.000000000000000000e+00,0.000000000000000000e+00,0.000000000000000000e+00,0.000000000000000000e+00,0.000000000000000000e+00,1.000000000000000000e+00,0.000000000000000000e+00,0.000000000000000000e+00,0.000000000000000000e+00
0.000000000000000000e+00,0.000000000000000000e+00,0.000000000000000000e+00,0.000000000000000000e+00,0.000000000000000000e+00,0.000000000000000000e+00,0.000000000000000000e+00,0.000000000000000000e+00,0.000000000000000000e+00,0.000000000000000000e+00,0.000000000000000000e+00,0.000000000000000000e+00,0.000000000000000000e+00,1.000000000000000000e+00,0.000000000000000000e+00,0.000000000000000000e+00
9.994366481386967038e-01,-2.996710921855009341e-02,-1.144079914786895989e-02,4.468340377966248909e-03,-7.933214562335035372e-03,-3.816383145351855133e-03,8.335068751309872471e-06,2.917089740608007489e-06,-1.723449024071309531e-07,-1.267510123049386807e-06,-2.377983960180959465e-06,-3.552055901482459655e-06,0.000000000000000000e+00,0.000000000000000000e+00,0.000000000000000000e+00,0.000000000000000000e+00
2.647441684654159699e-03,-4.532522700870557537e-03,3.219664232443958732e-03,1.570492027948319214e-01,-3.603345056963150328e-02,9.779149710758453518e-01,-2.655367718078874978e-02,5.036284006552929453e-03,-1.037911416128499548e-01,2.140017578649364496e-02,7.354305314392668713e-02,1.766118752742345741e-02,0.000000000000000000e+00,0.000000000000000000e+00,0.000000000000000000e+00,0.000000000000000000e+00
2.789523437117196955e-03,8.742661005252739745e-03,2.209555340966057671e-02,-5.896081871715930234e-02,2.866540550695712564e-01,-6.958587411871448858e-02,-2.417001008981824531e-02,1.891053757292546211e-02,-5.928541139401511950e-01,7.322652392897244233e-01,1.389395190758625498e-01,-3.168726534375867349e-02,0.000000000000000000e+00,0.000000000000000000e+00,0.000000000000000000e+00,0.000000000000000000e+00
6.866020647288035260e-03,1.923988799778732564e-02,5.111211300984966344e-02,-1.064417918599768476e-01,6.498855500166954569e-01,1.740196492170442005e-02,-6.944969747966177331e-02,7.142986184665543747e-02,1.772542854319350825e-01,-1.890804832809421521e-01,4.631324191852909666e-01,5.209593943969260676e-01,0.000000000000000000e+00,0.000000000000000000e+00,0.000000000000000000e+00,0.000000000000000000e+00
-1.221570264581535795e-02,-3.801828684349992105e-02,-9.881936844092937822e-01,1.107118688216237740e-01,9.746157447145931130e-02,-1.107910778194429700e-02,4.102970215779608862e-05,-2.783922780963729295e-05,-3.049843352828881426e-05,4.001257509674382268e-06,-6.078086204771656141e-06,-4.583335865499202377e-05,0.000000000000000000e+00,0.000000000000000000e+00,0.000000000000000000e+00,0.000000000000000000e+00
1.240865628351833522e-03,3.111418015137236426e-03,8.813185343517909720e-03,-1.297890873745228754e-02,1.090091403740118814e-01,3.456010226945051278e-02,9.886449391509243290e-01,9.309504117621318631e-02,1.834630169931264010e-03,-4.757556502866851049e-03,-2.328411242499044478e-02,-3.407222604072039033e-03,0.000000000000000000e+00,0.000000000000000000e+00,0.000000000000000000e+00,0.000000000000000000e+00
0.000000000000000000e+00,0.000000000000000000e+00,0.000000000000000000e+00,0.000000000000000000e+00,0.000000000000000000e+00,0.000000000000000000e+00,0.000000000000000000e+00,0.000000000000000000e+00,0.000000000000000000e+00,0.000000000000000000e+00,0.000000000000000000e+00,0.000000000000000000e+00,0.000000000000000000e+00,0.000000000000000000e+00,1.000000000000000000e+00,0.000000000000000000e+00
0.000000000000000000e+00,0.000000000000000000e+00,0.000000000000000000e+00,0.000000000000000000e+00,0.000000000000000000e+00,0.000000000000000000e+00,0.000000000000000000e+00,0.000000000000000000e+00,0.000000000000000000e+00,0.000000000000000000e+00,0.000000000000000000e+00,0.000000000000000000e+00,0.000000000000000000e+00,0.000000000000000000e+00,0.000000000000000000e+00,1.000000000000000000e+00
-3.869049097897341982e-03,-1.063119209652984426e-02,-2.858550933060461166e-02,5.662516593873143794e-02,-3.615315143597145897e-01,-2.682330437842051288e-02,4.300696682501310014e-02,-4.950679968319642021e-02,-9.944755842304940641e-02,1.631543338168034707e-01,-3.140346651980854831e-01,8.514672601133587149e-01,0.000000000000000000e+00,0.000000000000000000e+00,0.000000000000000000e+00,0.000000000000000000e+00
6.207959114580329472e-03,1.641575315244844097e-02,4.489919940003631038e-02,-7.971157546946106009e-02,5.639311049371346085e-01,9.693396663274965463e-02,-7.290996182969083916e-02,-1.414459869129929270e-01,2.972370348316892563e-02,-4.469592191463748337e-02,-7.964644362707987701e-01,-3.671476465082738894e-02,0.000000000000000000e+00,0.000000000000000000e+00,0.000000000000000000e+00,0.000000000000000000e+00
