-2.022924111049801570e-04,-4.208276511081695246e-04,6.665165589532292688e-05,1.133780720241235607e-02,-2.277463611406647503e-03,8.134830403014582656e-02,6.910571496364954769e-02,9.696958189551294627e-01,4.769693046888757310e-02,1.098449616468153561e-01,-1.672407225257790675e-01,7.650192855341583775e-02,0.000000000000000000e+00,0.000000000000000000e+00,0.000000000000000000e+00,0.000000000000000000e+00
4.820529108483914471e-05,5.565277485997742577e-05,-1.221544925379026037e-05,-2.550860077027916010e-03,4.297768702179454868e-04,-1.959605225662401640e-02,-9.958893721649090258e-01,7.225439338657450861e-02,3.769867002563054986e-02,1.011960815914638920e-02,1.622112499404005119e-04,-3.270070507281715860e-02,0.000000000000000000e+00,0.000000000000000000e+00,0.000000000000000000e+00,0.000000000000000000e+00
2.629727743603967028e-04,4.041877841651678183e-02,9.115312321349042235e-02,-9.723233808963893665e-01,-1.688466034718696662e-01,1.270248056392307978e-01,-6.208983585253366607e-05,2.886659626875730114e-04,-1.382432318865094459e-05,1.192374702739773767e-04,-1.320831291313967265e-04,9.218339422567895154e-05,0.000000000000000000e+00,0.000000000000000000e+00,0.000000000000000000e+00,0.000000000000000000e+00
-6.507870408385253713e-02,9.968632172458032903e-01,1.115518840314134660e-02,4.327544034837432774e-02,-5.483727606451127036e-03,-1.101306342402426103e-03,-3.885710705938439930e-05,6.080172565053007470e-07,-7.507043472159254915e-07,-1.604689856975406414e-05,1.855690832970839502e-05,-1.243648836736272672e-05,0.000000000000000000e+00,0.000000000000000000e+00,0.000000000000000000e+00,0.000000000000000000e+00
0.000000000000000000e+00,0.000000000000000000e+00,0.000000000000000000e+00,0.000000000000000000e+00,0.000000000000000000e+00,0.000000000000000000e+00,0.000000000000000000e+00,0.000000000000000000e+00,0.000000000000000000e+00,0.000000000000000000e+00,0.000000000000000000e+00,0.000000000000000000e+00,1.000000000000000000e+00,0.000000000000000000e+00,0.000000000000000000e+00,0.000000000000000000e+00
0.000000000000000000e+00,0.000000000000000000e+00,0.000000000000000000e+00,0.000000000000000000e+00,0.000000000000000000e+00,0.000000000000000000e+00,0.000000000000000000e+00,0.000000000000000000e+00,0.000000000000000000e+00,0.000000000000000000e+00,0.000000000000000000e+00,0.000000000000000000e+00,0.000000000000000000e+00,1.000000000000000000e+00,0.000000000000000000e+00,0.000000000000000000e+00
9.976836898341419069e-01,6.535979289470977838e-02,-1.518602902611412148e-02,1.114507583014589365e-04,1.071874519688017884e-02,3.135748274593694838e-03,-5.036293099378220560e-06,-1.440547939293485223e-06,1.190792000109479821e-05,-2.898341506640974668e-06,2.326329057447889761e-06,3.735148344994340090e-06,0.000000000000000000e+00,0.000000000000000000e+00,0.000000000000000000e+00,0.000000000000000000e+00
2.440947406749712206e-03,5.027059591887147322e-03,-6.715963680785927772e-04,-1.330812570728226174e-01,2.959269414523829980e-02,-9.807542527556912804e-01,2.432147090971030490e-02,6.031448368574227059e-02,-2.684157349086790934e-02,7.973993080336062855e-02,-8.916377437597752809e-02,-1.563938599362234283e-02,0.000000000000000000e+00,0.000000000000000000e+00,0.000000000000000000e+00,0.000000000000000000e+00
3.375883541719172220e-03,-4.052214061056197587e-03,1.677616369392665938e-02,6.000796716427371502e-02,-2.859412669127426865e-01,6.783217524404275278e-02,-1.392536525750592141e-02,-1.737569490951356987e-01,-5.062243323657008437e-02,1.138517159675343504e-01,-9.286935114559797810e-01,-3.666469290210046944e-02,0.000000000000000000e+00,0.000000000000000000e+00,0.000000000000000000e+00,0.000000000000000000e+00
8.137240921514741696e-03,-8.472184686154345806e-03,3.825665974575578193e-02,1.149083131857588785e-01,-6.498150236887952902e-01,-8.849185624702139707e-03,1.992333553922391587e-02,3.043460221386359854e-02,-7.025540461025152339e-02,4.972913950470348454e-01,2.852612476471683700e-01,-4.774148140350778502e-01,0.000000000000000000e+00,0.000000000000000000e+00,0.000000000000000000e+00,0.000000000000000000e+00
-1.522744414816571898e-02,1.315669596909117313e-02,-9.939718027895396713e-01,-7.876428044215720570e-02,-7.298395009171340653e-02,9.198210337474114692e-03,4.511623960377425832e-06,3.975765363688035147e-05,4.132266927256971888e-05,-9.476638683420929491e-06,-2.665595368136733134e-05,3.909342211329395772e-05,0.000000000000000000e+00,0.000000000000000000e+00,0.000000000000000000e+00,0.000000000000000000e+00
1.447862404127116817e-03,-1.270922369094054649e-03,6.514293410980706057e-03,1.513540582676375056e-02,-1.092552014082689288e-01,-3.342077889458033163e-02,3.430505857900460059e-02,-5.159420786180422824e-02,9.912924820691078054e-01,3.945792252401577119e-03,-1.221090600630347738e-02,2.620035911878646102e-03,0.000000000000000000e+00,0.000000000000000000e+00,0.000000000000000000e+00,0.000000000000000000e+00
0.000000000000000000e+00,0.000000000000000000e+00,0.000000000000000000e+00,0.000000000000000000e+00,0.000000000000000000e+00,0.000000000000000000e+00,0.000000000000000000e+00,0.000000000000000000e+00,0.000000000000000000e+00,0.000000000000000000e+00,0.000000000000000000e+00,0.000000000000000000e+00,0.000000000000000000e+00,0.000000000000000000e+00,1.000000000000000000e+00,0.000000000000000000e+00
0.000000000000000000e+00,0.000000000000000000e+00,0.000000000000000000e+00,0.000000000000000000e+00,0.000000000000000000e+00,0.000000000000000000e+00,0.000000000000000000e+00,0.000000000000000000e+00,0.000000000000000000e+00,0.000000000000000000e+00,0.000000000000000000e+00,0.000000000000000000e+00,0.000000000000000000e+00,0.000000000000000000e+00,0.000000000000000000e+00,1.000000000000000000e+00
-4.584024097736508034e-03,4.601948791372181130e-03,-2.133902558337703176e-02,-6.118777116996224064e-02,3.614703063749582501e-01,2.658561187021098171e-02,3.267614018119558567e-02,7.248397236356431128e-02,4.627332372747652856e-02,-2.750315162919244050e-01,-1.295232789930255979e-01,-8.737902738396210456e-01,0.000000000000000000e+00,0.000000000000000000e+00,0.000000000000000000e+00,0.000000000000000000e+00
7.304161248787259877e-03,-6.971673243730061587e-03,3.335944144953373325e-02,8.880923811169222359e-02,-5.643745663135711910e-01,-9.157147181305561046e-02,-1.340497138835859215e-03,1.086175334768397505e-01,-5.729644731028601945e-02,-8.034639741437034077e-01,5.752663377145214585e-02,6.928680664248134356e-03,0.000000000000000000e+00,0.000000000000000000e+00,0.000000000000000000e+00,0.000000000000000000e+00
