2.582828740667021867e-04,2.508314719028479863e-05,3.013423224920064227e-04,-1.972753533230697451e-02,5.983243806307992664e-03,-1.464634366727707582e-01,-2.025443343230208179e-02,-4.619421242307650832e-01,7.148611357538689481e-02,6.101663316613117893e-02,-7.838984930519869998e-01,3.754895725826815078e-01,0.000000000000000000e+00,0.000000000000000000e+00,0.000000000000000000e+00,0.000000000000000000e+00
-3.653616037922675680e-04,-4.019705032227130135e-05,-4.450977192634330312e-04,2.785378470573401932e-02,-8.430890572520333137e-03,2.069601288230732694e-01,3.207779341076096719e-02,8.379274521606856485e-01,-8.565402444865215237e-02,-4.732978935605620247e-02,-4.605778636566124074e-01,1.773701478615181959e-01,0.000000000000000000e+00,0.000000000000000000e+00,0.000000000000000000e+00,0.000000000000000000e+00
7.322935340870436512e-04,-3.073274700469318371e-03,1.616325197799990676e-02,9.854572080684248503e-01,1.108574295863410247e-01,-1.277242267922056029e-01,-3.012639899229153671e-05,-9.892479720840526404e-05,-2.400572151357286361e-06,-1.671171549492369250e-06,-1.639165449413363258e-05,1.746891502976638010e-05,0.000000000000000000e+00,0.000000000000000000e+00,0.000000000000000000e+00,0.000000000000000000e+00
3.628164409628765932e-03,-9.990515873996225205e-01,-4.331761474342409046e-02,-2.287383054071373718e-03,-1.055391880646103491e-03,1.368100572564023100e-05,1.083493644362378934e-05,-5.893938554361010846e-06,-2.994656682806831583e-06,7.196137203293230922e-06,3.783888448317583904e-06,1.618350421634734172e-06,0.000000000000000000e+00,0.000000000000000000e+00,0.000000000000000000e+00,0.000000000000000000e+00
0.000000000000000000e+00,0.000000000000000000e+00,0.000000000000000000e+00,0.000000000000000000e+00,0.000000000000000000e+00,0.000000000000000000e+00,0.000000000000000000e+00,0.000000000000000000e+00,0.000000000000000000e+00,0.000000000000000000e+00,0.000000000000000000e+00,0.000000000000000000e+00,1.000000000000000000e+00,0.000000000000000000e+00,0.000000000000000000e+00,0.000000000000000000e+00
0.000000000000000000e+00,0.000000000000000000e+00,0.000000000000000000e+00,0.000000000000000000e+00,0.000000000000000000e+00,0.000000000000000000e+00,0.000000000000000000e+00,0.000000000000000000e+00,0.000000000000000000e+00,0.000000000000000000e+00,0.000000000000000000e+00,0.000000000000000000e+00,0.000000000000000000e+00,1.000000000000000000e+00,0.000000000000000000e+00,0.000000000000000000e+00
-9.998535694639828497e-01,-2.959227237659427332e-03,-1.541694351445132075e-02,1.402545604752345907e-03,-6.278158322616922589e-03,-2.240074424285703244e-03,8.251396181391767892e-06,-1.739418889904831657e-07,2.517826539015490624e-06,5.665970449115647420e-06,1.758117511650563278e-06,2.790578197738781729e-06,0.000000000000000000e+00,0.000000000000000000e+00,0.000000000000000000e+00,0.000000000000000000e+00
-1.677865180532323204e-03,-1.540290516797970235e-04,-2.038229179389258565e-03,1.278758376050270762e-01,-3.900140171383284504e-02,9.527138144416421595e-01,3.427481481542900190e-03,-2.550168006112495944e-01,-4.476133291688583205e-02,8.141097488427653794e-02,-1.951356264713984337e-02,1.996587468221676723e-02,0.000000000000000000e+00,0.000000000000000000e+00,0.000000000000000000e+00,0.000000000000000000e+00
-1.900598451211842716e-03,-6.665055102022142061e-04,1.037554373810452464e-02,-4.034701902632800707e-02,2.892542541991899863e-01,-5.884526739215162339e-02,1.370419921574722241e-02,-7.992380585128523729e-02,-9.439183531522411519e-01,1.153758517161610347e-01,-1.010274597177429103e-02,1.258930919950943146e-02,0.000000000000000000e+00,0.000000000000000000e+00,0.000000000000000000e+00,0.000000000000000000e+00
-4.629841733818043648e-03,-1.561062930924407652e-03,2.342054737537114725e-02,-7.086265179732316455e-02,6.559955733803003453e-01,2.549812352280359309e-02,6.350252772391055955e-02,4.747005053582410705e-02,2.544483790830378012e-01,4.830190092452003592e-01,-1.924893462554225776e-01,-4.712072553963194688e-01,0.000000000000000000e+00,0.000000000000000000e+00,0.000000000000000000e+00,0.000000000000000000e+00
-1.505118811369408720e-02,-4.326767904441644608e-02,9.981816818307788219e-01,-1.202426309090980951e-02,-3.721951324121526572e-02,2.195036923733308196e-03,-5.098427954258891111e-05,-5.253752535958064437e-06,-1.700011570046777889e-06,-4.706382983832006235e-05,-2.777720040609692152e-05,-2.952285229594229718e-05,0.000000000000000000e+00,0.000000000000000000e+00,0.000000000000000000e+00,0.000000000000000000e+00
-8.214984268408319270e-04,-2.759807485474059146e-04,3.870289174440293221e-03,-9.686105000866734177e-03,1.102429714829273183e-01,2.165074130476729933e-02,-9.925184284535604196e-01,3.446006228534752303e-02,1.203729135439803900e-02,-2.888014779604406931e-02,2.195722706207664174e-03,2.018567650022029883e-03,0.000000000000000000e+00,0.000000000000000000e+00,0.000000000000000000e+00,0.000000000000000000e+00
0.000000000000000000e+00,0.000000000000000000e+00,0.000000000000000000e+00,0.000000000000000000e+00,0.000000000000000000e+00,0.000000000000000000e+00,0.000000000000000000e+00,0.000000000000000000e+00,0.000000000000000000e+00,0.000000000000000000e+00,0.000000000000000000e+00,0.000000000000000000e+00,0.000000000000000000e+00,0.000000000000000000e+00,1.000000000000000000e+00,0.000000000000000000e+00
0.000000000000000000e+00,0.000000000000000000e+00,0.000000000000000000e+00,0.000000000000000000e+00,0.000000000000000000e+00,0.000000000000000000e+00,0.000000000000000000e+00,0.000000000000000000e+00,0.000000000000000000e+00,0.000000000000000000e+00,0.000000000000000000e+00,0.000000000000000000e+00,0.000000000000000000e+00,0.000000000000000000e+00,0.000000000000000000e+00,1.000000000000000000e+00
2.572985186976949404e-03,8.683148312229671062e-04,-1.310934943171300146e-02,3.988592429014481411e-02,-3.658347453754207113e-01,-1.143623948531791688e-02,-3.907459516692195212e-02,-7.169656089637437002e-02,-1.518802692173959745e-01,-3.085702776014234150e-01,-3.684134884314926861e-01,-7.769073841890412613e-01,0.000000000000000000e+00,0.000000000000000000e+00,0.000000000000000000e+00,0.000000000000000000e+00
-4.152503292692272426e-03,-1.376360479670445591e-03,2.026154049383803099e-02,-5.358138801077923924e-02,5.697982371028823545e-01,8.376501763854182769e-02,8.780085912787814750e-02,-6.696541762343523330e-02,8.130928063177234044e-02,-8.029573355889483288e-01,-1.014250269946216296e-02,3.694384553880041694e-02,0.000000000000000000e+00,0.000000000000000000e+00,0.000000000000000000e+00,0.000000000000000000e+00
