-1.323296282494973442e-01,4.142837623451671170e-01,-8.604318082262161216e-01,-2.649672485413311351e-01,-3.563253555236394789e-03,9.995329597278100955e-03,-1.321674549158138173e-02,-2.076940638793223822e-03,3.750252539706672508e-03,-5.624614636598908573e-04,9.538429150772905190e-04,6.358700362603217533e-04,0.000000000000000000e+00,0.000000000000000000e+00,0.000000000000000000e+00,0.000000000000000000e+00
-4.983572334157541396e-03,1.457972286501684096e-02,7.254759979540574902e-03,-1.064750706828011817e-02,-1.485651099625617810e-01,-2.271538617014968453e-01,2.845466612723865710e-02,9.514114522162583909e-02,-3.844950125354743009e-01,-8.657435888633352450e-01,6.934652122234412353e-02,-1.179292333707810114e-01,0.000000000000000000e+00,0.000000000000000000e+00,0.000000000000000000e+00,0.000000000000000000e+00
-1.751451312768287638e-01,5.076766648188169029e-01,2.592446127981564152e-01,1.278243281573406866e-02,6.989971184580681118e-01,-3.720889864344550380e-01,4.789294731390689869e-02,1.055633078936418501e-01,3.336003226271326040e-03,1.035579818262178167e-02,3.727209807582328172e-02,-4.717323976040233707e-02,0.000000000000000000e+00,0.000000000000000000e+00,0.000000000000000000e+00,0.000000000000000000e+00
3.587057853482827213e-03,-1.073274548027316339e-02,-5.585303263607921745e-03,4.552449624081578161e-02,1.808603204188330982e-01,1.475693205949397124e-01,-9.029037108939057532e-01,-5.827443537771679477e-02,-2.286716148906515478e-01,-4.419597682941770606e-02,-4.298981055331298901e-02,2.618357678735591110e-01,0.000000000000000000e+00,0.000000000000000000e+00,0.000000000000000000e+00,0.000000000000000000e+00
0.000000000000000000e+00,0.000000000000000000e+00,0.000000000000000000e+00,0.000000000000000000e+00,0.000000000000000000e+00,0.000000000000000000e+00,0.000000000000000000e+00,0.000000000000000000e+00,0.000000000000000000e+00,0.000000000000000000e+00,0.000000000000000000e+00,0.000000000000000000e+00,1.000000000000000000e+00,0.000000000000000000e+00,0.000000000000000000e+00,0.000000000000000000e+00
0.000000000000000000e+00,0.000000000000000000e+00,0.000000000000000000e+00,0.000000000000000000e+00,0.000000000000000000e+00,0.000000000000000000e+00,0.000000000000000000e+00,0.000000000000000000e+00,0.000000000000000000e+00,0.000000000000000000e+00,0.000000000000000000e+00,0.000000000000000000e+00,0.000000000000000000e+00,1.000000000000000000e+00,0.000000000000000000e+00,0.000000000000000000e+00
-9.448322678026447319e-01,-3.164047924548057389e-01,-3.133109114888089214e-02,7.854004392132252210e-02,1.241719464926094871e-03,-3.038863865666307021e-03,4.128046807142786434e-03,7.297051682282189875e-04,-1.158095138155881311e-03,1.909043141736530631e-04,-2.740650444517085216e-04,-1.213154859553965961e-04,0.000000000000000000e+00,0.000000000000000000e+00,0.000000000000000000e+00,0.000000000000000000e+00
-2.277252972455982016e-01,6.599359658146051189e-01,3.360044116389533375e-01,7.168332116674766552e-02,-4.260996058781558182e-01,3.687281591512960865e-01,4.960867138227657847e-02,-1.728633897309656553e-01,-8.593732697454951885e-02,-1.834817081985926079e-02,-1.262903464147959176e-01,1.450965693591925176e-01,0.000000000000000000e+00,0.000000000000000000e+00,0.000000000000000000e+00,0.000000000000000000e+00
-1.371739679812316801e-02,3.969816271119302326e-02,2.056297490059879468e-02,9.839065219041716326e-03,2.214971852095961105e-02,3.834890059703088272e-01,-6.881391150133285735e-03,9.208408676682245941e-01,2.374209942666088632e-02,-7.340993438673506892e-03,3.021617142024502975e-02,-2.521837492644069673e-02,0.000000000000000000e+00,0.000000000000000000e+00,0.000000000000000000e+00,0.000000000000000000e+00
-3.372191066216613520e-02,9.768222825984364255e-02,4.943372069659297818e-02,2.638650987469549555e-02,-2.522809568059152241e-01,-3.074889730653323494e-01,-2.923347980808397861e-01,1.062201606288696032e-01,8.150786787310848602e-01,-2.436292140001174444e-01,-8.424046848767724471e-02,2.094433083265597947e-02,0.000000000000000000e+00,0.000000000000000000e+00,0.000000000000000000e+00,0.000000000000000000e+00
6.194101298797981964e-02,7.993672356099973397e-02,-2.668255152642892702e-01,9.562265515714355457e-01,1.511277916219276769e-02,-3.617306302667876866e-02,4.882127685514826149e-02,8.724186916035851433e-03,-1.389921839329135746e-02,2.580374927017101399e-03,-3.125226474477446094e-03,-1.492939723096881619e-03,0.000000000000000000e+00,0.000000000000000000e+00,0.000000000000000000e+00,0.000000000000000000e+00
-1.911437938526480002e-02,5.546900813739562286e-02,2.835376384631893912e-02,-1.156468161662491979e-02,-3.441574056206042065e-01,-4.894763686756057330e-01,-7.854724325812526692e-03,2.137579566563884426e-01,-2.095278325261388241e-01,2.783804376490285892e-01,4.868217498617950501e-01,4.831579027300242912e-01,0.000000000000000000e+00,0.000000000000000000e+00,0.000000000000000000e+00,0.000000000000000000e+00
0.000000000000000000e+00,0.000000000000000000e+00,0.000000000000000000e+00,0.000000000000000000e+00,0.000000000000000000e+00,0.000000000000000000e+00,0.000000000000000000e+00,0.000000000000000000e+00,0.000000000000000000e+00,0.000000000000000000e+00,0.000000000000000000e+00,0.000000000000000000e+00,0.000000000000000000e+00,0.000000000000000000e+00,1.000000000000000000e+00,0.000000000000000000e+00
0.000000000000000000e+00,0.000000000000000000e+00,0.000000000000000000e+00,0.000000000000000000e+00,0.000000000000000000e+00,0.000000000000000000e+00,0.000000000000000000e+00,0.000000000000000000e+00,0.000000000000000000e+00,0.000000000000000000e+00,0.000000000000000000e+00,0.000000000000000000e+00,0.000000000000000000e+00,0.000000000000000000e+00,0.000000000000000000e+00,1.000000000000000000e+00
-3.574787255818448473e-02,1.035588537446120172e-01,5.241821353697741215e-02,1.112936956171289155e-02,-2.940560178001759284e-01,-2.691998686491161585e-01,-2.884618813374636437e-01,1.002164765439322036e-01,-2.180169539212014618e-01,3.201135957815813282e-01,-6.509144526582745505e-02,-7.607194021238717907e-01,0.000000000000000000e+00,0.000000000000000000e+00,0.000000000000000000e+00,0.000000000000000000e+00
-2.008061249345568372e-02,5.804522185694458575e-02,2.951128174081940267e-02,2.676196272050721664e-02,7.594682004537540998e-02,3.116522849760769431e-01,-8.857925577225250757e-02,-1.774246299091992718e-01,1.895196199231312106e-01,-9.330797680108961212e-02,8.524974706064054608e-01,-2.846814895739483986e-01,0.000000000000000000e+00,0.000000000000000000e+00,0.000000000000000000e+00,0.000000000000000000e+00
