-6.550353889600868396e-01,5.322808028788950097e-01,-4.367447805887123558e-01,-2.974784727559223185e-01,9.131900220131750068e-02,-5.201196274607337681e-03,2.832806059553235820e-04,2.193585992411367560e-04
6.752999560566727011e-01,6.797333106712506456e-01,-2.551339690986113573e-01,1.194388874107440990e-01,5.060186142971390827e-02,-3.282452021690977079e-03,5.340444414897184931e-04,1.413373601533885523e-03
2.694050818904934752e-02,9.198940876344476048e-02,5.499382026765012310e-02,-2.215179517985270963e-01,-8.298007176699310206e-01,-4.906609274182743841e-01,3.027925486467057323e-02,9.210550711856742290e-02
-1.470875507549526950e-01,4.696648234476346051e-01,8.593878504165203269e-01,-5.885390570041107439e-02,1.252646421594015291e-01,-8.571935915871480363e-03,7.932471842944173630e-04,1.899596622130486591e-03
-2.330749923067499674e-01,7.602243802053162969e-02,-4.535478903306434939e-02,7.469955528543719137e-01,7.248648665084390930e-02,-5.243202217682644273e-01,-3.027292010460501392e-02,-3.142527463880404048e-01
-8.798213574770291645e-02,1.003629306030790758e-01,1.903338882278514388e-02,1.899449977058832451e-01,-4.699134619005729818e-01,6.128894299305217563e-01,-2.134814786247184876e-02,-5.906244115284728924e-01
-6.455092348555506454e-02,4.089306668125950589e-02,-2.561809432106479031e-03,1.801573163547576240e-01,-1.174708384474081602e-01,1.278273055610432696e-01,-9.058089511590490250e-01,3.332696204852221844e-01
-1.621926016155846029e-01,8.982373693702658257e-02,-1.276585615886306410e-02,4.670854402160649621e-01,-2.120553690149035719e-01,3.037360383014391374e-01,4.209752046423918537e-01,6.579135941017082434e-01
