3.166342555250165614e-01,9.349504961787056256e-01,9.728316588323146497e-02,-9.733874763151205423e-02,-8.167718007949587022e-02,-5.567968131418764505e-04,-2.957585220965910661e-07,2.410888424554057073e-07
2.158776611033166037e-01,-1.238455347859166999e-01,5.141952026182798619e-02,-8.392602694813370290e-01,4.806108392914379968e-01,8.400779207562953516e-03,3.634822092206991987e-06,-2.717027452088682701e-06
3.927452141600423774e-01,-1.367208379685975750e-01,-1.418414300629901592e-01,-4.009178762018003779e-03,-2.086958852498425054e-01,2.992515452722974145e-01,3.072697906244128419e-01,7.611854967069959788e-01
6.502494304603992914e-01,-2.275301160038847859e-01,-2.283762702508829456e-01,-1.194118820181501797e-02,-3.379087573633272612e-01,-5.272787872795416941e-01,-7.278921588764777906e-02,-2.749616226797210738e-01
3.458245064936021351e-01,2.305356689653456637e-02,-1.968661870683375004e-01,5.100106096411015644e-01,7.622359962006480805e-01,1.764171147545156573e-03,2.865372999150759703e-07,-7.589089658719575950e-07
1.754553824009280893e-01,-6.074148917017620219e-02,-6.523269861633851363e-02,-2.583703261093291104e-04,-9.543542349741356012e-02,4.295476552776666956e-01,-8.750218488264885908e-01,4.458883725251266278e-02
2.791696312875757147e-01,-1.736279282075448571e-01,9.305188897882493704e-01,1.609275324368192595e-01,1.123352837265229574e-02,5.328451018749577085e-03,3.524296151514462388e-06,-1.332337056261039771e-06
2.185213835457493758e-01,-7.549608650981499969e-02,-8.209934009118885490e-02,3.786709764582348037e-04,-1.198663108007146372e-01,6.691875799643435263e-01,3.669111198513372862e-01,-5.856659297235378148e-01
