-6.528513836549914018e-01,5.365016869289688239e-01,-4.368139205748057807e-01,-2.953697405078090088e-01,-8.879684607071125502e-02,-4.053106618217790225e-03,-1.293072688302077968e-04,-4.124096143884747894e-05
6.774271264418243454e-01,6.782420650870113477e-01,-2.522585082443235538e-01,1.225292136686321198e-01,-4.923930674469526036e-02,-2.552070915147202409e-03,-2.158394798911844939e-04,1.165050230009927494e-03
2.686366677767360739e-02,9.079207481629469889e-02,5.690260692152424027e-02,-2.172271084445787370e-01,8.170837819398976132e-01,-5.129178383191088653e-01,-8.184627604197745529e-03,9.915652039061195744e-02
-1.453503938258020878e-01,4.672325337357080555e-01,8.602193476274615502e-01,-6.349913989115760216e-02,-1.284788441318930052e-01,-6.983188459651308751e-03,-3.800177029612001722e-04,1.353850094127867585e-03
-2.337671574543677966e-01,7.573397659933503445e-02,-4.141070225996192067e-02,7.473150516709453628e-01,-8.220237526898821478e-02,-5.141832025248205262e-01,-1.512547774952883312e-02,-3.287130539434819920e-01
-8.775423181499716896e-02,1.013894219595303653e-01,2.325538755193738011e-02,1.875308531751258279e-01,4.920317533461007753e-01,6.120786500231886196e-01,-8.850169675698946192e-02,-5.672236556478913450e-01
-6.468662402703329040e-02,4.085536690620683586e-02,-8.166301750424880381e-04,1.803584788872984179e-01,1.188341927246477359e-01,1.362056826593485148e-01,9.470103516803516364e-01,1.792051124731401934e-01
-1.627787369674791595e-01,8.899207007628584520e-02,-9.364021926388264860e-03,4.694110805327333935e-01,2.063585436547334950e-01,2.815438827468751959e-01,-3.082902326618771616e-01,7.268117863760701347e-01
