-6.836012350514564240e-01,1.708109816765472078e-01,-6.901258065301442146e-01,-1.355428906064849170e-01,9.415622892109649922e-02,1.378925016549496178e-03,-3.302950801389248825e-04,2.235358844249304207e-04
6.082888161366549751e-01,5.752725493178917349e-01,-5.064708326670604999e-01,1.994965654531240806e-01,-5.228391696215466816e-02,-7.631219807554673589e-04,6.594415633254882298e-04,-3.167118334898735523e-05
3.774737003588275741e-02,2.879115165372222451e-01,1.171618683590676530e-01,-7.838032378831792935e-01,-5.190506722339106593e-01,1.031691348892513488e-01,8.666908188258104495e-02,6.218930167420195880e-03
-3.118499211577825392e-01,7.436100591599085208e-01,5.009818037965502180e-01,1.507413235002057761e-01,2.758261432455677009e-01,2.802826509069818433e-03,1.180292727055969596e-04,2.473442328189063340e-04
-1.880398600276221577e-01,2.154989351669846578e-02,2.905902370059325335e-02,4.388467057761287760e-01,-5.696279787106283132e-01,6.296557773316890927e-01,-2.224500743687288506e-01,1.786861655094379789e-02
-8.074905904219356612e-02,5.312846436297584407e-02,3.069746055255519537e-02,8.432320549105334906e-02,-3.299031751232524567e-01,-6.254081468893081253e-01,-6.657526311451248402e-01,1.985099434309411104e-01
-5.713152257861365407e-02,6.823908388364661667e-04,6.491978331349221309e-03,1.455596865375178295e-01,-1.575163849150594542e-01,-1.197691617810118375e-01,4.687073813238127329e-01,8.465595563250178923e-01
-1.373150390921964170e-01,2.736135610704179544e-02,2.598247410385958953e-02,2.896106461301953261e-01,-4.298648442652472923e-01,-4.328965115867606239e-01,5.292359602162064469e-01,-4.935307946353870157e-01
