-7.010008002339415123e-01,-6.853050123965748197e-01,3.322914845749232182e-02,1.942401565736333047e-01,-1.102159693264424638e-02,1.665040053698331761e-04,-1.230617924301470544e-07,-5.633240900964660259e-09
-1.472095323340401885e-01,2.983334655799047552e-01,-4.662674580993955015e-02,5.717368630335526447e-01,7.485093353438607711e-01,1.782647355036999634e-03,5.477686429297243647e-07,1.026201482255298644e-09
-3.127033869249926101e-01,2.397100985536383400e-01,-1.397121792572913503e-02,-2.770613809925557836e-01,5.443427754556586645e-02,-3.009230428027647175e-01,3.361904950779839862e-01,-7.491699669058246025e-01
-5.176173695700542199e-01,3.964437186627042253e-01,-2.826641894157180812e-02,-4.599346725675082515e-01,8.849665993577680856e-02,5.230793349694242700e-01,-8.400656814437645892e-02,2.721488382985463028e-01
-2.665508612406760625e-01,4.440426023121289978e-01,8.555190676301208108e-02,5.533423633148120135e-01,-6.467378368551257584e-01,2.762138090924174468e-04,-3.791994703380833845e-08,-6.590474894592406298e-08
-1.397293932721616339e-01,1.072143780150122683e-01,-4.751830447824116621e-03,-1.234186645337062710e-01,2.479226542371722533e-02,-4.322011773734611428e-01,-8.719538707423468704e-01,-7.752393398233643762e-02
-1.876630015414149089e-02,-1.454392025590943091e-02,-9.941621399190813113e-01,4.566583310451454575e-02,-9.469212656155168162e-02,-5.096343886780277388e-03,6.760588571884325539e-06,1.015581458010519448e-06
-1.740409239016938170e-01,1.335864841435022987e-01,-5.245551065206411658e-03,-1.535561885704558593e-01,3.108802076063464648e-02,-6.700792634793345526e-01,3.458544416069292415e-01,5.988901486566164944e-01
