-6.834851318564383327e-01,1.703103620823319952e-01,-6.900460908169336882e-01,-1.385246331410117937e-01,-9.213712698384714239e-02,4.747785976246835459e-04,-4.828731282136568509e-04,2.547743637765480934e-04
6.096922802387310103e-01,5.733353270608271268e-01,-5.083364266199257298e-01,1.971994114966523493e-01,4.761687683547925071e-02,-5.616833223154669551e-04,8.378312593518485183e-04,1.059673122344289420e-04
3.733777116491528159e-02,2.813967013059644473e-01,1.143819398724479491e-01,-7.702628317008443082e-01,5.448764923548699013e-01,1.073153575066113363e-01,6.321313676908155155e-02,2.511674206310143820e-02
-3.094198608822271157e-01,7.478861959621305733e-01,5.001270110996763885e-01,1.379433831175930214e-01,-2.752592613217456630e-01,1.487087461406988572e-03,-5.344643083265772799e-04,1.593075201606130936e-04
-1.878353559711470333e-01,2.344886696713877408e-02,2.749144663654354281e-02,4.523782212436801009e-01,5.553042399398092632e-01,5.934343634749650320e-01,-3.116622905163254909e-01,-3.325160166733556744e-02
-8.118902684304203643e-02,4.950204338030393669e-02,2.850574490736871441e-02,1.022663040155050995e-01,3.261056873753704344e-01,-7.197014799997174528e-01,-5.926213865306956263e-01,6.458844916710561324e-02
-5.715659604929331644e-02,6.126384925480019353e-04,6.034482267813271426e-03,1.517020422050911754e-01,1.524921197236533132e-01,-6.706991857486388486e-02,3.005284918637392000e-01,9.249936370804511254e-01
-1.372879564276260067e-01,2.761232891416695936e-02,2.480811181727300349e-02,3.024436305677622450e-01,4.226390483565760081e-01,-3.374132831808487332e-01,6.762780589629528993e-01,-3.721269707124515991e-01
