4.726501526952153753e-01,7.610870641992990571e-01,-4.277989020696690292e-01,-1.154894015458662743e-01,-2.570599557774375446e-02,1.837969465491932214e-02,0.000000000000000000e+00,0.000000000000000000e+00
1.313029499162141345e-01,1.525035269844570440e-01,2.005120311223434482e-01,7.998675500152612194e-01,-3.081697715489664091e-01,-4.295816910807936928e-01,0.000000000000000000e+00,0.000000000000000000e+00
0.000000000000000000e+00,0.000000000000000000e+00,0.000000000000000000e+00,0.000000000000000000e+00,0.000000000000000000e+00,0.000000000000000000e+00,1.000000000000000000e+00,0.000000000000000000e+00
8.438695774326964161e-01,-5.354309456145274204e-01,-1.124204164623263807e-02,-3.259644727739147152e-02,-1.169972008834349510e-03,2.749191137331381297e-03,0.000000000000000000e+00,0.000000000000000000e+00
2.003026316755782132e-01,3.165096309869577240e-01,8.721403567876688800e-01,-3.097601849043311595e-01,-4.346696342899940974e-02,3.508501442065842246e-02,0.000000000000000000e+00,0.000000000000000000e+00
2.164106402356371500e-02,3.243158710238783909e-02,2.497656570847925014e-02,-6.231758742215088437e-02,7.672401183062071972e-01,-6.366436576537024550e-01,0.000000000000000000e+00,0.000000000000000000e+00
0.000000000000000000e+00,0.000000000000000000e+00,0.000000000000000000e+00,0.000000000000000000e+00,0.000000000000000000e+00,0.000000000000000000e+00,0.000000000000000000e+00,1.000000000000000000e+00
8.158446467200554386e-02,9.784019161186159608e-02,1.241128941346947567e-01,4.959603999655321505e-01,5.601985798018883633e-01,6.391933153538646994e-01,0.000000000000000000e+00,0.000000000000000000e+00
