-4.966386594598529158e-01,-2.675029062454510331e-01,-8.244781994713331619e-01,-2.201672901959261797e-02,3.243744677222842182e-02,2.215877629381178202e-02,0.000000000000000000e+00,0.000000000000000000e+00
-1.226530669091001058e-01,-1.151148565342434010e-01,1.463349916126440164e-01,-9.526569417247657823e-01,1.449424345588045671e-01,1.474018563676087468e-01,0.000000000000000000e+00,0.000000000000000000e+00
0.000000000000000000e+00,0.000000000000000000e+00,0.000000000000000000e+00,0.000000000000000000e+00,0.000000000000000000e+00,0.000000000000000000e+00,1.000000000000000000e+00,0.000000000000000000e+00
-8.364990797494153973e-01,3.721666913461013082e-01,3.757342407756699698e-01,9.777620206997975072e-02,-6.560899164705955022e-02,-8.197742532820556649e-02,0.000000000000000000e+00,0.000000000000000000e+00
-1.798894875225627854e-01,-8.762664286721633111e-01,3.799995784807901900e-01,1.485383578663057313e-01,-1.506842140978685574e-01,-1.030915247706709059e-01,0.000000000000000000e+00,0.000000000000000000e+00
-2.030469737477236941e-02,1.654691492074250245e-02,4.967100445699831543e-03,3.951096771091185816e-02,-5.779011932707703858e-01,8.147136558516989702e-01,0.000000000000000000e+00,0.000000000000000000e+00
0.000000000000000000e+00,0.000000000000000000e+00,0.000000000000000000e+00,0.000000000000000000e+00,0.000000000000000000e+00,0.000000000000000000e+00,0.000000000000000000e+00,1.000000000000000000e+00
-7.617774103687775800e-02,-9.255303558810032416e-02,1.149834657790029524e-01,2.424357007715511603e-01,7.854676577454026143e-01,5.446789693005592570e-01,0.000000000000000000e+00,0.000000000000000000e+00
