4.144216123797562212e-01,1.951491659640429074e-02,7.785659359078754838e-01,4.648424719968931584e-01,-7.168926521528269646e-02,-2.216086973478135352e-02,0.000000000000000000e+00,0.000000000000000000e+00
1.378369981107195053e-01,9.342613934924885732e-02,4.523274332396902686e-01,-8.506238164060934137e-01,2.050742015145025632e-01,4.534430959708422859e-02,0.000000000000000000e+00,0.000000000000000000e+00
0.000000000000000000e+00,0.000000000000000000e+00,0.000000000000000000e+00,0.000000000000000000e+00,0.000000000000000000e+00,0.000000000000000000e+00,1.000000000000000000e+00,0.000000000000000000e+00
7.986601800474570911e-01,-4.782940952707348536e-01,-3.494695564993126613e-01,-1.020007160433196308e-01,2.592839654184515494e-02,1.308726462271637622e-02,0.000000000000000000e+00,0.000000000000000000e+00
3.913342310033782745e-01,8.367270571326316242e-01,-2.551556851347419053e-01,8.608418719950156062e-02,2.719375956569164421e-01,1.674468969903994409e-02,0.000000000000000000e+00,0.000000000000000000e+00
4.619656163421069495e-02,9.856822036844727075e-02,-1.441255908024037698e-02,-4.388534035748854756e-02,-4.246656089956090674e-01,8.975943734256696116e-01,0.000000000000000000e+00,0.000000000000000000e+00
0.000000000000000000e+00,0.000000000000000000e+00,0.000000000000000000e+00,0.000000000000000000e+00,0.000000000000000000e+00,0.000000000000000000e+00,0.000000000000000000e+00,1.000000000000000000e+00
1.269685129830354364e-01,2.286867305753486068e-01,-4.235398620012460064e-02,-2.015441458666290542e-01,-8.353693817608918160e-01,-4.374076692353705553e-01,0.000000000000000000e+00,0.000000000000000000e+00
