3.903433621767356532e-01,1.372223022384610747e-01,-8.504338931837366333e-01,3.244472652682365288e-01,1.719430366720478554e-02,-1.618851028941024634e-03,0.000000000000000000e+00,0.000000000000000000e+00
1.449789732686889432e-01,-1.452405479303339186e-01,-3.101574299165424931e-01,-9.190124925864938676e-01,-1.301148089173362887e-01,1.322210969483598487e-02,0.000000000000000000e+00,0.000000000000000000e+00
0.000000000000000000e+00,0.000000000000000000e+00,0.000000000000000000e+00,0.000000000000000000e+00,0.000000000000000000e+00,0.000000000000000000e+00,1.000000000000000000e+00,0.000000000000000000e+00
8.106559961636181644e-01,4.110985457653914543e-01,4.100967304784272072e-01,-7.349375383804276907e-02,-1.317505545351230559e-02,8.977709342923610031e-03,0.000000000000000000e+00,0.000000000000000000e+00
3.871062308291295939e-01,-8.475683425511594260e-01,1.106691874426655592e-01,1.978752055285554479e-01,-2.834552389599563349e-01,5.247118476969583889e-03,0.000000000000000000e+00,0.000000000000000000e+00
4.759086256026624773e-02,-1.079379405253970831e-01,3.365896395667958198e-03,-1.904112743064020896e-02,3.926440870471922251e-01,9.118888297980232149e-01,0.000000000000000000e+00,0.000000000000000000e+00
0.000000000000000000e+00,0.000000000000000000e+00,0.000000000000000000e+00,0.000000000000000000e+00,0.000000000000000000e+00,0.000000000000000000e+00,0.000000000000000000e+00,1.000000000000000000e+00
1.316582266800106482e-01,-2.470840229053049841e-01,1.123544992671247217e-02,-7.232922770165241266e-02,8.649188740850977108e-01,-4.100892411522137349e-01,0.000000000000000000e+00,0.000000000000000000e+00
