6.513318688879673468e-01,-5.678727362193399797e-01,4.933109689904293105e-01,4.051013239414375661e-02,-8.897925227274609827e-02,1.931998296539559276e-02,0.000000000000000000e+00,0.000000000000000000e+00
1.105236550685814983e-03,3.015070189263965861e-01,2.856858415211260271e-01,9.062292004077399099e-01,7.497271127904236998e-02,-2.456877767551757935e-02,0.000000000000000000e+00,0.000000000000000000e+00
0.000000000000000000e+00,0.000000000000000000e+00,0.000000000000000000e+00,0.000000000000000000e+00,0.000000000000000000e+00,0.000000000000000000e+00,1.000000000000000000e+00,0.000000000000000000e+00
6.999902390397412244e-01,6.766890111581534972e-01,-1.363680091076453771e-01,-1.802246727956262617e-01,-3.133799146193002455e-02,6.812571155187943130e-03,0.000000000000000000e+00,0.000000000000000000e+00
2.653387728244581689e-01,-3.423296513573190758e-01,-8.033824593811957904e-01,3.798949340089710081e-01,-1.464727716561909088e-01,3.475536899359486787e-02,0.000000000000000000e+00,0.000000000000000000e+00
4.344673745971056045e-02,-3.499969846509334848e-02,-3.300082536784631343e-02,1.352790062949957681e-05,5.405754291326764216e-01,8.387947024579507360e-01,0.000000000000000000e+00,0.000000000000000000e+00
0.000000000000000000e+00,0.000000000000000000e+00,0.000000000000000000e+00,0.000000000000000000e+00,0.000000000000000000e+00,0.000000000000000000e+00,0.000000000000000000e+00,1.000000000000000000e+00
1.161333583096529481e-01,-1.014469619239865700e-01,-9.959529810070823219e-02,-1.750633453302493855e-02,8.196362901317636451e-01,-5.423948872828727730e-01,0.000000000000000000e+00,0.000000000000000000e+00
