6.237319049838220275e-01,5.771968012473646104e-01,-4.043416642904605895e-01,-3.238407810865565062e-01,8.977807590994518749e-02,3.711101514395528933e-02,0.000000000000000000e+00,0.000000000000000000e+00
-2.709604677825364419e-03,-3.557503464927361247e-01,1.936960639453686739e-01,-9.094088029866024270e-01,-8.820409503063561529e-02,-3.334442225017674594e-02,0.000000000000000000e+00,0.000000000000000000e+00
0.000000000000000000e+00,0.000000000000000000e+00,0.000000000000000000e+00,0.000000000000000000e+00,0.000000000000000000e+00,0.000000000000000000e+00,1.000000000000000000e+00,0.000000000000000000e+00
7.253960843985653995e-01,-6.406413352120209348e-01,1.650647571677067021e-02,2.475227961052230696e-01,4.069642713944340850e-02,1.352785432857873948e-02,0.000000000000000000e+00,0.000000000000000000e+00
2.601742137272372024e-01,3.425364644917657797e-01,8.911016112466801919e-01,4.063329997953971096e-02,1.297183384444439147e-01,4.937767757241636607e-02,0.000000000000000000e+00,0.000000000000000000e+00
4.542489408103699694e-02,4.113443056219736466e-02,2.250748231227227975e-02,2.339288693685760701e-02,1.800334836978164862e-02,-9.974299991218633643e-01,0.000000000000000000e+00,0.000000000000000000e+00
0.000000000000000000e+00,0.000000000000000000e+00,0.000000000000000000e+00,0.000000000000000000e+00,0.000000000000000000e+00,0.000000000000000000e+00,0.000000000000000000e+00,1.000000000000000000e+00
1.224648806642639753e-01,1.041198940341026696e-01,6.440901539254295649e-02,6.809515942787924825e-02,-9.825236728153208254e-01,-4.812590400778919003e-03,0.000000000000000000e+00,0.000000000000000000e+00
