-5.027432886938535406e-01,3.715431053689821073e-01,-5.242379912875311243e-01,-5.331304813399303510e-01,2.236115387652526099e-01,1.221493406334484173e-02,0.000000000000000000e+00,0.000000000000000000e+00
-6.095559867055464626e-02,-2.981575870522991667e-01,-2.525007452904723393e-01,4.368453282040507535e-01,8.030593669582731797e-01,8.883498335946186930e-02,0.000000000000000000e+00,0.000000000000000000e+00
0.000000000000000000e+00,0.000000000000000000e+00,0.000000000000000000e+00,0.000000000000000000e+00,0.000000000000000000e+00,0.000000000000000000e+00,1.000000000000000000e+00,0.000000000000000000e+00
-7.934836423011510931e-01,-5.153964838360183265e-01,2.086091447709293167e-01,8.660095515227625440e-02,-2.310871265684990850e-01,-1.820475402023868233e-02,0.000000000000000000e+00,0.000000000000000000e+00
-3.079677527447278185e-01,6.569615830099662102e-01,1.621269730382145571e-02,6.731175464429099975e-01,-1.417319475918775440e-01,1.092308871288518238e-02,0.000000000000000000e+00,0.000000000000000000e+00
-4.803888183345386698e-02,1.017235203653809178e-01,3.061920121041660225e-01,-1.238418996828580809e-01,9.462366925148502084e-02,9.323629057725296709e-01,0.000000000000000000e+00,0.000000000000000000e+00
0.000000000000000000e+00,0.000000000000000000e+00,0.000000000000000000e+00,0.000000000000000000e+00,0.000000000000000000e+00,0.000000000000000000e+00,0.000000000000000000e+00,1.000000000000000000e+00
-1.294814240192598831e-01,2.558867766003278810e-01,7.237981258653886085e-01,-2.213916805412538824e-01,4.718587596464929312e-01,-3.495823595675135453e-01,0.000000000000000000e+00,0.000000000000000000e+00
