4.324533559559189388e-01,-7.428378034141336350e-01,5.036400667338490900e-01,7.589162349028781562e-02,-3.570169621618839162e-02,2.210489296400991108e-02,0.000000000000000000e+00,0.000000000000000000e+00
1.274951781259290873e-01,-1.020983140836190239e-01,-1.104666556410750650e-01,-8.987924710519640259e-01,-4.129615012214193220e-02,-3.893388675341660776e-01,0.000000000000000000e+00,0.000000000000000000e+00
0.000000000000000000e+00,0.000000000000000000e+00,0.000000000000000000e+00,0.000000000000000000e+00,0.000000000000000000e+00,0.000000000000000000e+00,1.000000000000000000e+00,0.000000000000000000e+00
8.779169056681165317e-01,4.606896126646294887e-01,-9.027575826328354536e-02,8.212013006056799458e-02,-4.556909640144224394e-02,7.550939478827952550e-03,0.000000000000000000e+00,0.000000000000000000e+00
1.388200866920209220e-01,-4.713306303260255126e-01,-8.480183748442781111e-01,1.746497348067772848e-01,-9.311830815900093428e-02,1.636176003023328412e-02,0.000000000000000000e+00,0.000000000000000000e+00
2.106161971265236091e-02,-1.148053676969197981e-02,-3.070625317971248033e-02,-3.770559331241963297e-01,-1.785043669830317370e-01,9.079904987003170058e-01,0.000000000000000000e+00,0.000000000000000000e+00
0.000000000000000000e+00,0.000000000000000000e+00,0.000000000000000000e+00,0.000000000000000000e+00,0.000000000000000000e+00,0.000000000000000000e+00,0.000000000000000000e+00,1.000000000000000000e+00
7.922356294133520160e-02,-5.699690390725038053e-02,-7.691586691913696039e-02,-8.363691249031231234e-02,9.769384043936062412e-01,1.521681646268781829e-01,0.000000000000000000e+00,0.000000000000000000e+00
