-5.405413175836034645e-01,-5.736329932281251098e-01,5.279490059726510420e-01,-1.237686644172584782e-01,2.906652661944054694e-01,-1.500469573557529704e-02,0.000000000000000000e+00,0.000000000000000000e+00
-2.073469948599696282e-03,4.508947427166943300e-01,7.544734320857831023e-01,1.739905481446010413e-02,-4.765275343351280113e-01,8.846123533179848369e-03,0.000000000000000000e+00,0.000000000000000000e+00
0.000000000000000000e+00,0.000000000000000000e+00,0.000000000000000000e+00,0.000000000000000000e+00,0.000000000000000000e+00,0.000000000000000000e+00,1.000000000000000000e+00,0.000000000000000000e+00
-7.891310983891880459e-01,5.431678454870038086e-01,-2.628148792956658264e-01,5.036671557431618429e-02,1.030463013378002529e-01,-3.714047352981387877e-03,0.000000000000000000e+00,0.000000000000000000e+00
-2.540597775804461222e-01,-3.907453409881078144e-01,-1.923445482799589490e-01,5.656359428332474737e-01,-6.520039745506110984e-01,2.687154636764828644e-02,0.000000000000000000e+00,0.000000000000000000e+00
-5.024038266944955838e-02,-4.566794708353474203e-02,-6.407967138637982174e-02,-2.788404246918169127e-01,-1.370699518825351793e-01,9.459090781475906207e-01,0.000000000000000000e+00,0.000000000000000000e+00
0.000000000000000000e+00,0.000000000000000000e+00,0.000000000000000000e+00,0.000000000000000000e+00,0.000000000000000000e+00,0.000000000000000000e+00,0.000000000000000000e+00,1.000000000000000000e+00
-1.342103856913822446e-01,-1.335676937169205936e-01,-2.046103542149945442e-01,-7.642943034558203896e-01,-4.836520622207080011e-01,-3.228261868720764816e-01,0.000000000000000000e+00,0.000000000000000000e+00
