5.598526865784483331e-01,-5.753771173977841880e-01,3.767899075604525527e-01,4.620180628782427079e-01,8.648942273767126765e-03,-1.141852707893974616e-04,0.000000000000000000e+00,0.000000000000000000e+00
-2.373198651136464166e-03,4.438091345999871651e-01,8.619725534330607841e-01,-1.509985688756569910e-01,1.926988092582281320e-01,-9.886263693975834432e-03,0.000000000000000000e+00,0.000000000000000000e+00
0.000000000000000000e+00,0.000000000000000000e+00,0.000000000000000000e+00,0.000000000000000000e+00,0.000000000000000000e+00,0.000000000000000000e+00,1.000000000000000000e+00,0.000000000000000000e+00
7.760941998781228923e-01,5.618218541721550219e-01,-2.690743152796536419e-01,-1.952941143603302912e-02,-9.616891474128984318e-02,-1.775351606820995461e-03,0.000000000000000000e+00,0.000000000000000000e+00
2.535529348753894907e-01,-3.745271091263639440e-01,1.000127222822409789e-01,-8.505739600696052838e-01,-2.487067846646766611e-01,-1.032873857189055625e-02,0.000000000000000000e+00,0.000000000000000000e+00
4.955391320855363074e-02,-3.967730475967808090e-02,-4.981156615427492079e-02,-7.431450950485847529e-02,3.051070546527346328e-01,9.459788411630412064e-01,0.000000000000000000e+00,0.000000000000000000e+00
0.000000000000000000e+00,0.000000000000000000e+00,0.000000000000000000e+00,0.000000000000000000e+00,0.000000000000000000e+00,0.000000000000000000e+00,0.000000000000000000e+00,1.000000000000000000e+00
1.322590226653271861e-01,-1.203577376475853944e-01,-1.736316756943098172e-01,-1.853608264689800833e-01,8.936433992417668337e-01,-3.239080828104057286e-01,0.000000000000000000e+00,0.000000000000000000e+00
