3.927969539408303068e-01,1.384016505699626753e-01,8.553387988215523929e-01,-3.079870820722807045e-01,-9.055480530925346522e-03,-3.609830159159070975e-03,0.000000000000000000e+00,0.000000000000000000e+00
1.458959880009287058e-01,-1.506822282953119985e-01,2.915834126215045563e-01,9.240117554138064238e-01,1.260348309158249025e-01,3.613637361858589025e-02,0.000000000000000000e+00,0.000000000000000000e+00
0.000000000000000000e+00,0.000000000000000000e+00,0.000000000000000000e+00,0.000000000000000000e+00,0.000000000000000000e+00,0.000000000000000000e+00,1.000000000000000000e+00,0.000000000000000000e+00
8.079201209327885325e-01,4.143051926528840134e-01,-4.131833669886212368e-01,6.869104891180591310e-02,9.814456872172080265e-03,9.000389572230673568e-03,0.000000000000000000e+00,0.000000000000000000e+00
3.901456508466687456e-01,-8.467392907842874461e-01,-1.123074828340476089e-01,-2.034654963215513368e-01,2.712242664117059943e-01,5.696633201363065363e-02,0.000000000000000000e+00,0.000000000000000000e+00
4.773818497167463953e-02,-1.021979681235487131e-01,-1.030684095934804832e-03,1.850641749965369065e-02,-5.482699115863155503e-01,8.284522890654568705e-01,0.000000000000000000e+00,0.000000000000000000e+00
0.000000000000000000e+00,0.000000000000000000e+00,0.000000000000000000e+00,0.000000000000000000e+00,0.000000000000000000e+00,0.000000000000000000e+00,0.000000000000000000e+00,1.000000000000000000e+00
1.311389670274468733e-01,-2.430621428562377007e-01,-6.334425642640121971e-03,6.990763371082737987e-02,-7.808805270098898577e-01,-5.558972624276768970e-01,0.000000000000000000e+00,0.000000000000000000e+00
