4.644344204919105823e-01,6.967710350905740313e-01,-5.095862030903823836e-01,-1.939564865517120762e-01,3.857040055823828667e-02,-5.089289375838965297e-03,0.000000000000000000e+00,0.000000000000000000e+00
1.336245568302153741e-01,2.232489929185466349e-01,1.181075540545938884e-01,8.763567701988825842e-01,2.915973904553353924e-01,-2.555870572902174120e-01,0.000000000000000000e+00,0.000000000000000000e+00
0.000000000000000000e+00,0.000000000000000000e+00,0.000000000000000000e+00,0.000000000000000000e+00,0.000000000000000000e+00,0.000000000000000000e+00,1.000000000000000000e+00,0.000000000000000000e+00
8.490180475767810098e-01,-5.249697906482838627e-01,5.894367872078105919e-02,-6.212102537951616141e-03,7.877854975771399551e-03,2.563542607636045355e-04,0.000000000000000000e+00,0.000000000000000000e+00
1.955028482515882571e-01,4.149108854903862942e-01,8.480249862390726312e-01,-2.635951869087453936e-01,2.682519834222239774e-02,-1.670934809580830807e-02,0.000000000000000000e+00,0.000000000000000000e+00
2.203515743285862014e-02,4.230673839122212065e-02,3.178465243928838002e-02,1.560735450669782365e-01,2.991526614034596410e-01,9.396079295633698036e-01,0.000000000000000000e+00,0.000000000000000000e+00
0.000000000000000000e+00,0.000000000000000000e+00,0.000000000000000000e+00,0.000000000000000000e+00,0.000000000000000000e+00,0.000000000000000000e+00,0.000000000000000000e+00,1.000000000000000000e+00
8.310589585347093189e-02,1.230277518068258191e-01,5.235941765875996162e-02,3.170169213179730439e-01,-9.073088335239131164e-01,2.269515938470570149e-01,0.000000000000000000e+00,0.000000000000000000e+00
