6.330037229619732420e-02,-6.980993744760888298e-01,-1.685479588348919866e-01,6.795916090335545334e-01,-1.091855872195237470e-01,-8.047151216771891713e-02,0.000000000000000000e+00,0.000000000000000000e+00
0.000000000000000000e+00,0.000000000000000000e+00,0.000000000000000000e+00,0.000000000000000000e+00,0.000000000000000000e+00,0.000000000000000000e+00,1.000000000000000000e+00,0.000000000000000000e+00
6.631252997504612223e-02,-6.232643531479790111e-01,-5.485411077798053175e-02,-7.188986061281529283e-01,-2.475790868138850187e-01,-1.613214519941473801e-01,0.000000000000000000e+00,0.000000000000000000e+00
9.947399365592513032e-01,1.011193763819085434e-01,-1.422711550630536941e-02,6.874510194216450557e-03,-3.872741031392713806e-03,-1.631718448263102736e-03,0.000000000000000000e+00,0.000000000000000000e+00
2.267320740666520229e-02,-1.905191328830676267e-01,-3.445125478868658192e-02,-8.929777760127864672e-02,9.355347584767175206e-01,-2.807171517956097428e-01,0.000000000000000000e+00,0.000000000000000000e+00
0.000000000000000000e+00,0.000000000000000000e+00,0.000000000000000000e+00,0.000000000000000000e+00,0.000000000000000000e+00,0.000000000000000000e+00,0.000000000000000000e+00,1.000000000000000000e+00
-3.069503420627846257e-02,1.680633235076298415e-01,-9.827696122401996526e-01,-6.995446692994657101e-02,-8.699107462928675621e-03,-2.668615706393832367e-03,0.000000000000000000e+00,0.000000000000000000e+00
2.513782788026937970e-02,-2.223305207755171264e-01,-3.684021699789005733e-02,-9.178812352255844020e-02,2.268637176899215568e-01,9.427024034809812214e-01,0.000000000000000000e+00,0.000000000000000000e+00
