-9.880787456052800288e-02,-6.100399497130939430e-01,-4.624030228904714712e-01,6.191723643069479976e-01,1.067363036185537267e-01,9.749180924068229226e-02,0.000000000000000000e+00,0.000000000000000000e+00
0.000000000000000000e+00,0.000000000000000000e+00,0.000000000000000000e+00,0.000000000000000000e+00,0.000000000000000000e+00,0.000000000000000000e+00,1.000000000000000000e+00,0.000000000000000000e+00
-1.025094467165909157e-01,-5.719658099465327883e-01,-1.534569072079865482e-01,-7.258323468498527609e-01,3.058266128241024506e-01,-1.357769876348619009e-01,0.000000000000000000e+00,0.000000000000000000e+00
-9.884206763072335145e-01,1.435624705609117036e-01,4.580666506979468033e-02,1.767194513248485782e-02,1.895403251054334805e-03,-4.928810529686661552e-04,0.000000000000000000e+00,0.000000000000000000e+00
-2.991525622047427196e-02,-1.546278368860948271e-01,-4.240548535603837904e-02,-2.302442794774529344e-01,-5.047269280031638772e-01,8.158648075712698899e-01,0.000000000000000000e+00,0.000000000000000000e+00
0.000000000000000000e+00,0.000000000000000000e+00,0.000000000000000000e+00,0.000000000000000000e+00,0.000000000000000000e+00,0.000000000000000000e+00,0.000000000000000000e+00,1.000000000000000000e+00
2.413390919816835178e-02,4.649552200138420410e-01,-8.655967067014065375e-01,-1.842026691510801062e-01,3.599820751105240173e-03,-5.740829604781352846e-03,0.000000000000000000e+00,0.000000000000000000e+00
-3.572136306355525731e-02,-2.000076610895368534e-01,-9.736676869699943671e-02,-5.037497737706401330e-02,-8.001947395877764269e-01,-5.535263069359867005e-01,0.000000000000000000e+00,0.000000000000000000e+00
