1.455165095076101306e-03,-7.005875638704550656e-01,1.222870452995688667e-01,6.911353432202885783e-01,-1.126173948284281551e-01,-6.221001631844252228e-02,0.000000000000000000e+00,0.000000000000000000e+00
0.000000000000000000e+00,0.000000000000000000e+00,0.000000000000000000e+00,0.000000000000000000e+00,0.000000000000000000e+00,0.000000000000000000e+00,1.000000000000000000e+00,0.000000000000000000e+00
-1.633881701551323506e-02,-6.327183891144069205e-01,7.493433509109423407e-02,-7.100217740936466404e-01,-2.453008141325469516e-01,-1.717029978138933655e-01,0.000000000000000000e+00,0.000000000000000000e+00
9.997606079054731643e-01,-8.419447166503108218e-03,1.499846043739674374e-02,-1.348165775136614050e-02,-7.270229477102376717e-04,-7.760903978227005678e-04,0.000000000000000000e+00,0.000000000000000000e+00
-2.566652901172324693e-03,-1.905987233468257602e-01,2.663839421153414364e-02,-7.411847809876107029e-02,9.291773614893501509e-01,-3.067438948133963672e-01,0.000000000000000000e+00,0.000000000000000000e+00
0.000000000000000000e+00,0.000000000000000000e+00,0.000000000000000000e+00,0.000000000000000000e+00,0.000000000000000000e+00,0.000000000000000000e+00,0.000000000000000000e+00,1.000000000000000000e+00
1.394769503101270063e-02,-1.468886439842462532e-01,-9.887107180499884462e-01,2.607992383134941430e-02,3.643900128352394623e-04,9.422174296077626620e-05,0.000000000000000000e+00,0.000000000000000000e+00
-2.920022219979702405e-03,-2.255426151816345148e-01,3.077794872586100614e-02,-1.088372700238015717e-01,2.525343590904201019e-01,9.341068280512925259e-01,0.000000000000000000e+00,0.000000000000000000e+00
