5.684038269111876263e-01,8.155925375381448683e-01,2.684738466852739855e-02,-5.773453423674700796e-02,-8.746131101471858738e-02,-4.728935749106095814e-03,0.000000000000000000e+00,0.000000000000000000e+00
1.593306410335290357e-01,-8.015066095871924493e-03,2.567257908746057304e-01,1.569616617022678295e-01,9.276410414891946843e-01,1.532530872238450081e-01,0.000000000000000000e+00,0.000000000000000000e+00
0.000000000000000000e+00,0.000000000000000000e+00,0.000000000000000000e+00,0.000000000000000000e+00,0.000000000000000000e+00,0.000000000000000000e+00,1.000000000000000000e+00,0.000000000000000000e+00
7.678943576148768990e-01,-5.266201200658179316e-01,-3.627580017462237461e-01,7.640447801583430572e-03,-3.645125546051356663e-02,-5.391325155244255582e-03,0.000000000000000000e+00,0.000000000000000000e+00
2.235791925368269817e-01,-1.975912658053057547e-01,7.979766654415801908e-01,2.940808672747746155e-01,-3.523610458633825160e-01,2.521138921474803118e-01,0.000000000000000000e+00,0.000000000000000000e+00
7.402160830894770338e-02,-1.221554746478671211e-01,3.083225172810205583e-01,-9.383518095181699881e-01,5.421495389574994272e-02,3.305581949466265129e-02,0.000000000000000000e+00,0.000000000000000000e+00
0.000000000000000000e+00,0.000000000000000000e+00,0.000000000000000000e+00,0.000000000000000000e+00,0.000000000000000000e+00,0.000000000000000000e+00,0.000000000000000000e+00,1.000000000000000000e+00
8.001398685063851324e-02,-5.874991285477362130e-02,2.644771921236052092e-01,7.059538898832014298e-02,5.836398999319696718e-02,-9.548863598459749191e-01,0.000000000000000000e+00,0.000000000000000000e+00
