4.945184988715929375e-01,5.512548638072223284e-01,-5.915625160794026893e-01,3.102166985503820862e-01,-6.990489257693092984e-02,-2.241037498086496590e-02,0.000000000000000000e+00,0.000000000000000000e+00
2.032149613493069717e-01,2.953223468304431720e-01,7.463980475174722962e-01,5.397223297450121082e-01,-1.515923810229087010e-01,-9.894564107887570195e-03,0.000000000000000000e+00,0.000000000000000000e+00
0.000000000000000000e+00,0.000000000000000000e+00,0.000000000000000000e+00,0.000000000000000000e+00,0.000000000000000000e+00,0.000000000000000000e+00,1.000000000000000000e+00,0.000000000000000000e+00
8.041523467967913730e-01,-5.816183118518795103e-01,8.051947544703044746e-02,-8.799768049236703082e-02,2.750971294954641239e-02,8.682191826631595333e-03,0.000000000000000000e+00,0.000000000000000000e+00
2.319296392051587996e-01,4.706751120503124830e-01,2.623835959700857590e-01,-5.864468062916112778e-01,4.068188981636199353e-01,3.826316210243282390e-01,0.000000000000000000e+00,0.000000000000000000e+00
8.260965523981295133e-02,1.522296982325415660e-01,7.415012721364382109e-02,-4.609667953956685937e-01,-8.638278036171310736e-01,-7.625392915806049332e-02,0.000000000000000000e+00,0.000000000000000000e+00
0.000000000000000000e+00,0.000000000000000000e+00,0.000000000000000000e+00,0.000000000000000000e+00,0.000000000000000000e+00,0.000000000000000000e+00,0.000000000000000000e+00,1.000000000000000000e+00
8.293626600060428899e-02,1.609782090298719492e-01,1.100770889225082816e-01,-2.197989351113840972e-01,2.442870882752258832e-01,-9.203819169886322538e-01,0.000000000000000000e+00,0.000000000000000000e+00
