-4.865273406510067233e-01,7.446785811197530469e-01,3.589921453971054444e-01,-1.646052132001789015e-01,-2.106552335097849060e-01,9.164656865357485860e-02,0.000000000000000000e+00,0.000000000000000000e+00
-1.406156564843782653e-01,3.129714082715316370e-01,-1.133766838107975322e-01,6.369567783612816170e-01,6.442523694753088392e-01,-2.205602168323528844e-01,0.000000000000000000e+00,0.000000000000000000e+00
0.000000000000000000e+00,0.000000000000000000e+00,0.000000000000000000e+00,0.000000000000000000e+00,0.000000000000000000e+00,0.000000000000000000e+00,1.000000000000000000e+00,0.000000000000000000e+00
-8.258969325146765517e-01,-3.505740696424581304e-01,-4.371643032479941016e-01,-5.312277186456723643e-02,-3.089671534235059053e-02,1.013975410683727076e-02,0.000000000000000000e+00,0.000000000000000000e+00
-2.125624526728657204e-01,-3.995064618404179368e-01,7.106435873123049252e-01,-1.575876565559828080e-01,4.865123552847493982e-01,1.693202324881117882e-01,0.000000000000000000e+00,0.000000000000000000e+00
-1.021508274945642780e-01,-2.301696029107044017e-01,3.293371267006517389e-01,7.293711853446271931e-01,-5.264315681262793367e-01,1.378829118626821448e-01,0.000000000000000000e+00,0.000000000000000000e+00
0.000000000000000000e+00,0.000000000000000000e+00,0.000000000000000000e+00,0.000000000000000000e+00,0.000000000000000000e+00,0.000000000000000000e+00,0.000000000000000000e+00,1.000000000000000000e+00
-7.612524528200699525e-02,-1.096224017434848930e-01,2.316905001621841487e-01,-8.690777805543657697e-02,-1.605745379468184464e-01,-9.461343689339181129e-01,0.000000000000000000e+00,0.000000000000000000e+00
