4.799370158540958720e-01,7.546638543564783141e-01,-4.156428843892133185e-01,1.640586619533978552e-01,1.708517497298089188e-02,-1.329558692601508912e-02,0.000000000000000000e+00,0.000000000000000000e+00
1.766410752209549850e-01,1.681285584614171658e-01,1.264211130409313155e-01,-9.541352802335735239e-01,-9.536172926182363840e-02,7.127712226059904066e-02,0.000000000000000000e+00,0.000000000000000000e+00
0.000000000000000000e+00,0.000000000000000000e+00,0.000000000000000000e+00,0.000000000000000000e+00,0.000000000000000000e+00,0.000000000000000000e+00,1.000000000000000000e+00,0.000000000000000000e+00
-6.413468526659792390e-01,6.336921872422999202e-01,4.297137389458538514e-01,4.891698503327687048e-02,7.266878557458732006e-03,-2.974897640701636928e-03,0.000000000000000000e+00,0.000000000000000000e+00
4.947392844261416234e-01,2.137819789282983940e-02,6.850995858434024699e-01,1.279713319971638175e-01,2.371410794547557654e-01,-4.613046901988113735e-01,0.000000000000000000e+00,0.000000000000000000e+00
2.239091908546134990e-01,9.659367209541701998e-03,3.074709374510041227e-01,1.213997949797621795e-01,2.777720279160535988e-01,8.736920417317094456e-01,0.000000000000000000e+00,0.000000000000000000e+00
0.000000000000000000e+00,0.000000000000000000e+00,0.000000000000000000e+00,0.000000000000000000e+00,0.000000000000000000e+00,0.000000000000000000e+00,0.000000000000000000e+00,1.000000000000000000e+00
1.795280497015289134e-01,9.956699530763099548e-03,2.504096194148316412e-01,1.708893764768841528e-01,-9.258338073362868403e-01,1.363603615785145551e-01,0.000000000000000000e+00,0.000000000000000000e+00
