7.324481461987576436e-01,3.328670472782336298e-01,5.921491635193422143e-01,-4.555236978773076484e-02,1.892633890903249079e-03,-9.825117313085205350e-05,0.000000000000000000e+00,0.000000000000000000e+00
8.180529461385355194e-02,1.856250099962271083e-01,-1.309034781896757094e-01,9.703929331164966587e-01,6.267700046993689503e-03,3.714852428976226761e-03,0.000000000000000000e+00,0.000000000000000000e+00
0.000000000000000000e+00,0.000000000000000000e+00,0.000000000000000000e+00,0.000000000000000000e+00,0.000000000000000000e+00,0.000000000000000000e+00,1.000000000000000000e+00,0.000000000000000000e+00
1.743449297935960873e-01,7.140336365920338935e-01,-6.352780256606029852e-01,-2.369987419641871595e-01,3.428327061628176197e-03,-1.218303796556698864e-03,0.000000000000000000e+00,0.000000000000000000e+00
5.647212552214303516e-01,-5.106509835011804332e-01,-4.134282692823186278e-01,-7.394176067438447755e-03,4.216030147663751282e-01,-2.675794596168593609e-01,0.000000000000000000e+00,0.000000000000000000e+00
2.556179025152682804e-01,-2.281624370413226632e-01,-1.874035296781110527e-01,-5.049551616018718020e-03,-2.382456921803074168e-01,8.892102110790781611e-01,0.000000000000000000e+00,0.000000000000000000e+00
0.000000000000000000e+00,0.000000000000000000e+00,0.000000000000000000e+00,0.000000000000000000e+00,0.000000000000000000e+00,0.000000000000000000e+00,0.000000000000000000e+00,1.000000000000000000e+00
2.053797559966338004e-01,-1.790986479233374340e-01,-1.503411483139814597e-01,3.736503771958605939e-03,-8.748915753075144908e-01,-3.710675669710948865e-01,0.000000000000000000e+00,0.000000000000000000e+00
