4.924005686204159238e-01,-7.668118929325205002e-01,2.355186326621142023e-01,1.136085490297201739e-01,-2.847737980743108022e-01,-1.416656488574382644e-01,0.000000000000000000e+00,0.000000000000000000e+00
1.620980554595713719e-01,-2.167975727558783261e-01,2.698735695639432053e-01,-4.056736439137141881e-01,7.181474057601411332e-01,4.166347171659574578e-01,0.000000000000000000e+00,0.000000000000000000e+00
0.000000000000000000e+00,0.000000000000000000e+00,0.000000000000000000e+00,0.000000000000000000e+00,0.000000000000000000e+00,0.000000000000000000e+00,1.000000000000000000e+00,0.000000000000000000e+00
8.179546530038508401e-01,5.671914409321756612e-01,8.775907251267610343e-02,2.983549137759678935e-02,-2.216605457374645760e-02,-1.268501609134824182e-02,0.000000000000000000e+00,0.000000000000000000e+00
2.151728770433308235e-01,-1.866780112012867698e-01,-8.050926547356570540e-01,2.795981879093006328e-01,1.090036521219124033e-01,4.249950912086425392e-01,0.000000000000000000e+00,0.000000000000000000e+00
9.918163455547870933e-02,-5.163293993004820781e-02,-3.942252016379230728e-01,-8.529391625749864758e-01,-2.603832936192924108e-01,-1.917781494969465206e-01,0.000000000000000000e+00,0.000000000000000000e+00
0.000000000000000000e+00,0.000000000000000000e+00,0.000000000000000000e+00,0.000000000000000000e+00,0.000000000000000000e+00,0.000000000000000000e+00,0.000000000000000000e+00,1.000000000000000000e+00
7.797257479181898820e-02,-7.601027750112944459e-02,-2.457842203961217720e-01,1.262991446491389946e-01,5.683270165872805757e-01,-7.673237651582871521e-01,0.000000000000000000e+00,0.000000000000000000e+00
