5.061111438363202764e-01,7.629647892659207065e-01,-3.993219474647538014e-01,4.766836168616216812e-02,2.282880396820926531e-03,8.593307328248768993e-04,0.000000000000000000e+00,0.000000000000000000e+00
1.913575088028053872e-01,8.783314303897013509e-02,2.992338365354679786e-01,-9.306467313126531860e-01,-4.494536502877595832e-03,1.792908152449400718e-03,0.000000000000000000e+00,0.000000000000000000e+00
0.000000000000000000e+00,0.000000000000000000e+00,0.000000000000000000e+00,0.000000000000000000e+00,0.000000000000000000e+00,0.000000000000000000e+00,1.000000000000000000e+00,0.000000000000000000e+00
-5.389970918105545516e-01,6.332862526025482275e-01,5.415544763176097787e-01,1.230582790964064033e-01,2.417436212079428475e-03,4.716065489636701055e-04,0.000000000000000000e+00,0.000000000000000000e+00
5.583981541018120387e-01,-8.266563642486408903e-02,5.851563966947527229e-01,2.931762790787967310e-01,2.334211615861090938e-01,-4.455469853637921140e-01,0.000000000000000000e+00,0.000000000000000000e+00
2.526590175272235839e-01,-3.907438017294814075e-02,2.648605240113513504e-01,1.339595848281199819e-01,2.432452154709669190e-01,8.873399074084826754e-01,0.000000000000000000e+00,0.000000000000000000e+00
0.000000000000000000e+00,0.000000000000000000e+00,0.000000000000000000e+00,0.000000000000000000e+00,0.000000000000000000e+00,0.000000000000000000e+00,0.000000000000000000e+00,1.000000000000000000e+00
2.026594959213792735e-01,-2.753501330122246765e-02,2.125105568041890935e-01,1.121764135424721531e-01,-9.414430785104075383e-01,1.187922437360869887e-01,0.000000000000000000e+00,0.000000000000000000e+00
