4.892960136338317390e-01,5.400709055852205287e-01,-5.955798845298687638e-01,3.172813429689015918e-01,-1.149124913310871493e-01,-1.803047047976699332e-02,0.000000000000000000e+00,0.000000000000000000e+00
2.067065514458035491e-01,2.706506016786986990e-01,7.418908618844606284e-01,5.526083777484853687e-01,-1.679792103146768023e-01,5.056500461914349882e-03,0.000000000000000000e+00,0.000000000000000000e+00
0.000000000000000000e+00,0.000000000000000000e+00,0.000000000000000000e+00,0.000000000000000000e+00,0.000000000000000000e+00,0.000000000000000000e+00,1.000000000000000000e+00,0.000000000000000000e+00
8.068097094118733548e-01,-5.740642724834417177e-01,7.565766809020217643e-02,-1.099822858669243231e-01,4.043106678583643920e-02,7.310728416760409014e-03,0.000000000000000000e+00,0.000000000000000000e+00
2.295727009874589108e-01,4.953724348256509091e-01,2.537685864380354039e-01,-5.266078692992316457e-01,4.798817733179757683e-01,3.604187369474428082e-01,0.000000000000000000e+00,0.000000000000000000e+00
8.566396203781077856e-02,1.765293274334575335e-01,1.132817478292809238e-01,-5.201838109479783867e-01,-8.223797524359063305e-01,-4.203181394745456045e-02,0.000000000000000000e+00,0.000000000000000000e+00
0.000000000000000000e+00,0.000000000000000000e+00,0.000000000000000000e+00,0.000000000000000000e+00,0.000000000000000000e+00,0.000000000000000000e+00,0.000000000000000000e+00,1.000000000000000000e+00
8.293350347995749605e-02,1.701923240929877623e-01,1.092118015640151235e-01,-1.842644346076724449e-01,2.243846240216824939e-01,-9.316262919544884280e-01,0.000000000000000000e+00,0.000000000000000000e+00
