5.647943126796858282e-01,7.912175279698538954e-01,-2.147363465791715664e-01,-8.754586534508500273e-02,3.459083964134300471e-02,-3.115209410679340221e-03,0.000000000000000000e+00,0.000000000000000000e+00
1.855235451246486644e-01,5.640289906499283690e-02,3.473416286609451453e-01,9.046524653324069520e-01,1.332445262917564821e-01,7.485541638312447066e-02,0.000000000000000000e+00,0.000000000000000000e+00
0.000000000000000000e+00,0.000000000000000000e+00,0.000000000000000000e+00,0.000000000000000000e+00,0.000000000000000000e+00,0.000000000000000000e+00,1.000000000000000000e+00,0.000000000000000000e+00
7.650004105936624166e-01,-6.066101755542379070e-01,-2.125282130985547691e-01,-3.417724403014844869e-02,-2.144196278449510620e-02,-1.543879908338938308e-03,0.000000000000000000e+00,0.000000000000000000e+00
2.230564226248256399e-01,3.603016820004802112e-02,7.865821659905635199e-01,-3.208805369993460999e-01,-3.679722847417450371e-01,3.030977302584699773e-01,0.000000000000000000e+00,0.000000000000000000e+00
7.279736401619127384e-02,-3.555414481360922446e-02,3.146861736644930296e-01,-2.635499874149739297e-01,9.072200273407661220e-01,-4.361519011372778226e-02,0.000000000000000000e+00,0.000000000000000000e+00
0.000000000000000000e+00,0.000000000000000000e+00,0.000000000000000000e+00,0.000000000000000000e+00,0.000000000000000000e+00,0.000000000000000000e+00,0.000000000000000000e+00,1.000000000000000000e+00
7.943013583458681526e-02,1.598002160334977689e-02,2.652073930796828849e-01,-1.867189138947696406e-02,-1.487878755540928966e-01,-9.490068807162425069e-01,0.000000000000000000e+00,0.000000000000000000e+00
