4.956963330621360075e-01,7.713983822630053888e-01,-3.962835787242627861e-01,4.675533942963091411e-02,1.715188735138651645e-03,-5.316657754894855200e-05,0.000000000000000000e+00,0.000000000000000000e+00
1.910148092773462647e-01,8.973832430474922017e-02,3.039814320889294708e-01,-9.289814045881168436e-01,-6.729698583916004194e-03,1.981368046956890044e-03,0.000000000000000000e+00,0.000000000000000000e+00
0.000000000000000000e+00,0.000000000000000000e+00,0.000000000000000000e+00,0.000000000000000000e+00,0.000000000000000000e+00,0.000000000000000000e+00,1.000000000000000000e+00,0.000000000000000000e+00
-5.544198920142425768e-01,6.244728798932211999e-01,5.364698017663002139e-01,1.218544019123266736e-01,1.964632388777556599e-03,4.861866409291662499e-05,0.000000000000000000e+00,0.000000000000000000e+00
5.541388423631823379e-01,-7.216857758169886727e-02,5.885641038529980662e-01,2.972882765568509167e-01,1.746349457972511121e-01,-4.716316908119930762e-01,0.000000000000000000e+00,0.000000000000000000e+00
2.507390288231154396e-01,-3.336262308539986871e-02,2.660075077134295696e-01,1.346034541368339998e-01,3.565479310858572504e-01,8.485354227247480230e-01,0.000000000000000000e+00,0.000000000000000000e+00
0.000000000000000000e+00,0.000000000000000000e+00,0.000000000000000000e+00,0.000000000000000000e+00,0.000000000000000000e+00,0.000000000000000000e+00,0.000000000000000000e+00,1.000000000000000000e+00
2.011893490561559861e-01,-2.457281142963342949e-02,2.135112818267178025e-01,1.160197554522051228e-01,-9.177821735297192474e-01,2.398900864841162772e-01,0.000000000000000000e+00,0.000000000000000000e+00
