-3.836913269470157428e-01,-8.744454728925564746e-01,2.964256294347358822e-01,1.557596342662525418e-02,-3.910497599252814663e-03,1.554008717044981990e-04,0.000000000000000000e+00,0.000000000000000000e+00
-2.216035325308031989e-01,-6.071713347196307231e-02,-4.196917776298055291e-01,-8.780508699299252040e-01,9.522998239053158745e-03,-3.133410138290647589e-04,0.000000000000000000e+00,0.000000000000000000e+00
0.000000000000000000e+00,0.000000000000000000e+00,0.000000000000000000e+00,0.000000000000000000e+00,0.000000000000000000e+00,0.000000000000000000e+00,1.000000000000000000e+00,0.000000000000000000e+00
6.467736299333558536e-01,-4.768291013946516776e-01,-5.771570507120179494e-01,1.455615158089532679e-01,-4.405743944651117038e-03,2.302935041662763666e-04,0.000000000000000000e+00,0.000000000000000000e+00
-5.369082969349143752e-01,5.521446562311756179e-02,-5.492147478770265101e-01,3.973161988557430968e-01,3.002793274050463146e-01,3.987683134888722059e-01,0.000000000000000000e+00,0.000000000000000000e+00
-2.431095824041050735e-01,2.971468789839106298e-02,-2.477556274011258053e-01,1.679210289945852197e-01,-9.089857148745155158e-01,-1.554973168029858688e-01,0.000000000000000000e+00,0.000000000000000000e+00
0.000000000000000000e+00,0.000000000000000000e+00,0.000000000000000000e+00,0.000000000000000000e+00,0.000000000000000000e+00,0.000000000000000000e+00,0.000000000000000000e+00,1.000000000000000000e+00
-1.948946465249607740e-01,1.899875819322766404e-02,-1.996514628621797460e-01,1.467592260890507316e-01,2.888804348179340176e-01,-9.037722286379420433e-01,0.000000000000000000e+00,0.000000000000000000e+00
