5.684078650733684901e-01,8.155914803481866260e-01,2.684154990440247579e-02,-5.769201683973180367e-02,-8.747429257723424167e-02,-4.737788091012665875e-03,0.000000000000000000e+00,0.000000000000000000e+00
1.593334350368402763e-01,-8.032130637039544552e-03,2.567266281872283562e-01,1.565124140321419721e-01,9.277071595709807106e-01,1.533071103080023978e-01,0.000000000000000000e+00,0.000000000000000000e+00
0.000000000000000000e+00,0.000000000000000000e+00,0.000000000000000000e+00,0.000000000000000000e+00,0.000000000000000000e+00,0.000000000000000000e+00,1.000000000000000000e+00,0.000000000000000000e+00
7.678906022684511834e-01,-5.266252940195634835e-01,-3.627573858324704692e-01,7.656016341098541636e-03,-3.645819353836381171e-02,-5.393255816254523619e-03,0.000000000000000000e+00,0.000000000000000000e+00
2.235798407489915651e-01,-1.975831754253372929e-01,7.979762921944772991e-01,2.942106558775495762e-01,-3.522393035958074625e-01,2.521395321354565344e-01,0.000000000000000000e+00,0.000000000000000000e+00
7.402133324325357866e-02,-1.221532822816148306e-01,3.083239982171603333e-01,-9.383811529761875159e-01,5.377690968298778906e-02,3.293304875245836594e-02,0.000000000000000000e+00,0.000000000000000000e+00
0.000000000000000000e+00,0.000000000000000000e+00,0.000000000000000000e+00,0.000000000000000000e+00,0.000000000000000000e+00,0.000000000000000000e+00,0.000000000000000000e+00,1.000000000000000000e+00
8.001421989520682287e-02,-5.874764826237600240e-02,2.644772160721541310e-01,7.069499676613059946e-02,5.842937044041330436e-02,-9.548751052986439447e-01,0.000000000000000000e+00,0.000000000000000000e+00
