5.591576030462959146e-01,6.944442563066210994e-01,4.473321405039650256e-01,7.052958590079357049e-02,2.404637770759927070e-03,-1.923834779650100473e-03,0.000000000000000000e+00,0.000000000000000000e+00
4.406772167988674133e-02,1.549779528295022468e-01,-4.353913328482812983e-01,8.856188809405144413e-01,8.637557948046100526e-03,-8.879619230699940108e-03,0.000000000000000000e+00,0.000000000000000000e+00
0.000000000000000000e+00,0.000000000000000000e+00,0.000000000000000000e+00,0.000000000000000000e+00,0.000000000000000000e+00,0.000000000000000000e+00,1.000000000000000000e+00,0.000000000000000000e+00
6.272944179538830767e-01,-2.511880741599337163e-02,-6.875790077522263566e-01,-3.648122543576404198e-01,6.097174942348691394e-04,4.184988821395370720e-03,0.000000000000000000e+00,0.000000000000000000e+00
4.672197301938097458e-01,-6.095465587274746522e-01,3.218852888716705607e-01,2.346876072056972851e-01,3.109356496124420777e-01,-3.934327465949570279e-01,0.000000000000000000e+00,0.000000000000000000e+00
2.114747224361998301e-01,-2.740243433606180390e-01,1.460787444459407114e-01,1.178040828947895385e-01,6.509767492036468151e-02,9.169158043194048924e-01,0.000000000000000000e+00,0.000000000000000000e+00
0.000000000000000000e+00,0.000000000000000000e+00,0.000000000000000000e+00,0.000000000000000000e+00,0.000000000000000000e+00,0.000000000000000000e+00,0.000000000000000000e+00,1.000000000000000000e+00
1.699608471193291004e-01,-2.155497773666072425e-01,1.123134572537982795e-01,9.306298610194942145e-02,-9.481563969485804488e-01,-6.615148363166600820e-02,0.000000000000000000e+00,0.000000000000000000e+00
