4.523061932342697378e-01,8.073060591727818647e-01,-3.759955789165895235e-01,4.792482366537296340e-02,2.510239247510218964e-03,-5.186478363483512611e-04,0.000000000000000000e+00,0.000000000000000000e+00
1.950483922706388873e-01,9.921927218832633788e-02,3.306182283792052368e-01,-9.180244385848722599e-01,-5.862553785167054152e-03,9.157783397985986955e-05,0.000000000000000000e+00,0.000000000000000000e+00
0.000000000000000000e+00,0.000000000000000000e+00,0.000000000000000000e+00,0.000000000000000000e+00,0.000000000000000000e+00,0.000000000000000000e+00,1.000000000000000000e+00,0.000000000000000000e+00
-6.203523710849339068e-01,5.803393342952368750e-01,5.146347274280143047e-01,1.162424025120931126e-01,2.784518093654520486e-03,-4.903074117554903199e-04,0.000000000000000000e+00,0.000000000000000000e+00
5.280478702471770314e-01,-3.604702802253071520e-02,6.019312942880299389e-01,3.226216371062010091e-01,3.791707724920147515e-01,-3.311941726745751269e-01,0.000000000000000000e+00,0.000000000000000000e+00
2.387804723341072355e-01,-1.478837155580849973e-02,2.724652233286071201e-01,1.479437484265978819e-01,-9.274404309998797447e-02,9.154447454358222158e-01,0.000000000000000000e+00,0.000000000000000000e+00
0.000000000000000000e+00,0.000000000000000000e+00,0.000000000000000000e+00,0.000000000000000000e+00,0.000000000000000000e+00,0.000000000000000000e+00,0.000000000000000000e+00,1.000000000000000000e+00
1.915398148771789155e-01,-1.003173746482487368e-02,2.188867927877264641e-01,1.242979157837803550e-01,-9.206408873053046893e-01,-2.286281265656319728e-01,0.000000000000000000e+00,0.000000000000000000e+00
