-5.599408406020464080e-01,-7.471053347918946708e-01,3.520819540955816840e-01,5.646667186577170039e-02,-3.373607912327011155e-02,-3.400483111781508246e-03,0.000000000000000000e+00,0.000000000000000000e+00
-1.868410236353224008e-01,-1.084879134331833139e-01,-3.960984966529904061e-01,-8.795666730791367183e-01,-1.125135872232198436e-01,1.006476317342922949e-01,0.000000000000000000e+00,0.000000000000000000e+00
0.000000000000000000e+00,0.000000000000000000e+00,0.000000000000000000e+00,0.000000000000000000e+00,0.000000000000000000e+00,0.000000000000000000e+00,1.000000000000000000e+00,0.000000000000000000e+00
-7.696400431695993305e-01,6.285573615403488024e-01,1.051152116646955348e-01,3.662415006403264145e-02,1.308064857287997464e-02,-2.864916232333120528e-03,0.000000000000000000e+00,0.000000000000000000e+00
-2.195132310831506561e-01,-1.737762849834684209e-01,-7.415442770399228722e-01,3.874043972326070562e-01,3.721246137908433282e-01,2.883902463017267714e-01,0.000000000000000000e+00,0.000000000000000000e+00
-6.942804708531516433e-02,-3.070070976685524214e-02,-3.060465216575622982e-01,2.676115967987504618e-01,-9.093898333616928786e-01,-4.434978597758999080e-02,0.000000000000000000e+00,0.000000000000000000e+00
0.000000000000000000e+00,0.000000000000000000e+00,0.000000000000000000e+00,0.000000000000000000e+00,0.000000000000000000e+00,0.000000000000000000e+00,0.000000000000000000e+00,1.000000000000000000e+00
-7.876914700585697926e-02,-6.195888810328832597e-02,-2.540525193671757109e-01,1.159829610990550063e-02,1.434045643550874716e-01,-9.511647835772927273e-01,0.000000000000000000e+00,0.000000000000000000e+00
