5.751735647970154242e-01,8.123736529175439314e-01,2.644711884077429603e-02,8.643442926654570924e-02,3.233990228725650701e-02,-2.861549674422663239e-03,0.000000000000000000e+00,0.000000000000000000e+00
1.645992186666635770e-01,-9.043095730056203985e-03,-2.795598457264469872e-01,-9.368642538789568874e-01,4.315724831355401137e-02,1.228594075078350834e-01,0.000000000000000000e+00,0.000000000000000000e+00
0.000000000000000000e+00,0.000000000000000000e+00,0.000000000000000000e+00,0.000000000000000000e+00,0.000000000000000000e+00,0.000000000000000000e+00,1.000000000000000000e+00,0.000000000000000000e+00
7.613398934094314230e-01,-5.538611258373552504e-01,3.347869665135903006e-01,3.845254038016550358e-02,-4.637267074893364552e-03,-4.123703979280373202e-03,0.000000000000000000e+00,0.000000000000000000e+00
2.250316178477130558e-01,-1.502138170762713498e-01,-7.960357816580420076e-01,2.991935634406774902e-01,-3.526519737728296966e-01,2.815020629375246108e-01,0.000000000000000000e+00,0.000000000000000000e+00
7.209043310378542013e-02,-9.344673567968245220e-02,-3.231836949039165185e-01,1.500674656117474137e-01,9.266617241022162554e-01,-2.001952154142746382e-02,0.000000000000000000e+00,0.000000000000000000e+00
0.000000000000000000e+00,0.000000000000000000e+00,0.000000000000000000e+00,0.000000000000000000e+00,0.000000000000000000e+00,0.000000000000000000e+00,0.000000000000000000e+00,1.000000000000000000e+00
8.128821993427101655e-02,-4.368799035648594786e-02,-2.663528923878569765e-01,-3.603926664126184259e-02,-1.183415094975743681e-01,-9.514390048263450250e-01,0.000000000000000000e+00,0.000000000000000000e+00
