5.001096101653221826e-01,7.683880989087308322e-01,-3.963984360795510531e-01,4.829423123755386543e-02,2.286734415977443365e-03,9.084185635396342575e-04,0.000000000000000000e+00,0.000000000000000000e+00
1.908312984602800744e-01,9.025050190145338103e-02,3.024387779333113091e-01,-9.294872309137920396e-01,-4.486078121036657373e-03,1.552645486660496907e-03,0.000000000000000000e+00,0.000000000000000000e+00
0.000000000000000000e+00,0.000000000000000000e+00,0.000000000000000000e+00,0.000000000000000000e+00,0.000000000000000000e+00,0.000000000000000000e+00,1.000000000000000000e+00,0.000000000000000000e+00
-5.501710244078836798e-01,6.274654769641221375e-01,5.371481954835762851e-01,1.227382763924829701e-01,2.406632662004047629e-03,5.087596064544028761e-04,0.000000000000000000e+00,0.000000000000000000e+00
5.544110290301554889e-01,-7.604878655390998055e-02,5.884284383530037355e-01,2.960421992413341252e-01,2.314683015191617288e-01,-4.465180931955489707e-01,0.000000000000000000e+00,0.000000000000000000e+00
2.508591055250457003e-01,-3.612785583331407091e-02,2.663599689010552884e-01,1.349515824122491936e-01,2.472298694226943150e-01,8.862744023409786509e-01,0.000000000000000000e+00,0.000000000000000000e+00
0.000000000000000000e+00,0.000000000000000000e+00,0.000000000000000000e+00,0.000000000000000000e+00,0.000000000000000000e+00,0.000000000000000000e+00,0.000000000000000000e+00,1.000000000000000000e+00
2.012057586530041076e-01,-2.515972330360312370e-02,2.137176208671232314e-01,1.131528036699548379e-01,-9.408871723671785592e-01,1.230275637226108942e-01,0.000000000000000000e+00,0.000000000000000000e+00
