-5.073131258231696750e-01,-7.636946021245495375e-01,3.964488711919879615e-01,4.709037355352450188e-02,3.739882117523288772e-03,8.657853578271149358e-04,0.000000000000000000e+00,0.000000000000000000e+00
-1.903555018082705164e-01,-8.676398328974578578e-02,-3.001341582215449888e-01,-9.306616709534712983e-01,-4.966035293808953449e-03,6.884150033709551548e-04,0.000000000000000000e+00,0.000000000000000000e+00
0.000000000000000000e+00,0.000000000000000000e+00,0.000000000000000000e+00,0.000000000000000000e+00,0.000000000000000000e+00,0.000000000000000000e+00,1.000000000000000000e+00,0.000000000000000000e+00
5.409489447585482669e-01,-6.324422794727947439e-01,-5.406783351594712794e-01,1.226664886339185884e-01,3.236838404300817779e-03,6.289931794697459222e-04,0.000000000000000000e+00,0.000000000000000000e+00
-5.563857949699488881e-01,8.209236166584693573e-02,-5.868463154509678814e-01,2.956280266177440108e-01,-1.098960951568634659e-01,-4.897285079519208550e-01,0.000000000000000000e+00,0.000000000000000000e+00
-2.518094579656984799e-01,4.153251147461718695e-02,-2.659322068984001364e-01,1.297239503673008054e-01,7.598925263162202848e-01,5.195018323874359689e-01,0.000000000000000000e+00,0.000000000000000000e+00
0.000000000000000000e+00,0.000000000000000000e+00,0.000000000000000000e+00,0.000000000000000000e+00,0.000000000000000000e+00,0.000000000000000000e+00,0.000000000000000000e+00,1.000000000000000000e+00
-2.019882632682862833e-01,2.819971048632640906e-02,-2.128524861593003026e-01,1.112656734222529920e-01,-6.406536282347726763e-01,7.002015534925349893e-01,0.000000000000000000e+00,0.000000000000000000e+00
