3.709858403958937179e-01,8.622749209427081896e-01,-3.436556812883244660e-01,-2.740132753631257384e-02,1.127422681444971517e-03,3.685438929875815969e-04,0.000000000000000000e+00,0.000000000000000000e+00
2.023560469154978836e-01,9.237995748017804876e-02,3.785917209609819256e-01,8.984258625272633081e-01,-3.765965852341600969e-03,-1.752026209395769448e-03,0.000000000000000000e+00,0.000000000000000000e+00
0.000000000000000000e+00,0.000000000000000000e+00,0.000000000000000000e+00,0.000000000000000000e+00,0.000000000000000000e+00,0.000000000000000000e+00,1.000000000000000000e+00,0.000000000000000000e+00
-6.901044847903536894e-01,4.978694432830420014e-01,5.131637389741081634e-01,-1.119970032181161618e-01,1.188274227904478940e-03,2.319351396847672874e-04,0.000000000000000000e+00,0.000000000000000000e+00
5.082178827014166567e-01,7.193158905883349948e-03,5.961842261380458918e-01,-3.663209426554051573e-01,2.341315293547765464e-01,-4.440930134620506564e-01,0.000000000000000000e+00,0.000000000000000000e+00
2.299296718285636920e-01,2.784122654627532289e-03,2.699533259394683582e-01,-1.630815767382784442e-01,2.427734110390894762e-01,8.880964287220158848e-01,0.000000000000000000e+00,0.000000000000000000e+00
0.000000000000000000e+00,0.000000000000000000e+00,0.000000000000000000e+00,0.000000000000000000e+00,0.000000000000000000e+00,0.000000000000000000e+00,0.000000000000000000e+00,1.000000000000000000e+00
1.844566786267817504e-01,3.798518163635352524e-03,2.166140089157940207e-01,-1.369312760554150243e-01,-9.413961080640255163e-01,1.185869700728014176e-01,0.000000000000000000e+00,0.000000000000000000e+00
