5.647945164351171332e-01,7.912150022510170411e-01,-2.147456790375886770e-01,-8.754604034126582668e-02,3.458689908224471532e-02,-3.115282470507079078e-03,0.000000000000000000e+00,0.000000000000000000e+00
1.855237727341997878e-01,5.640509763089179146e-02,3.473421761791931628e-01,9.046453177750085617e-01,1.332921940164154828e-01,7.485217031497405638e-02,0.000000000000000000e+00,0.000000000000000000e+00
0.000000000000000000e+00,0.000000000000000000e+00,0.000000000000000000e+00,0.000000000000000000e+00,0.000000000000000000e+00,0.000000000000000000e+00,1.000000000000000000e+00,0.000000000000000000e+00
7.650002795574347703e-01,-6.066127833056160767e-01,-2.125210158953662887e-01,-3.417724100116492636e-02,-2.144422074264054276e-02,-1.543633489635108701e-03,0.000000000000000000e+00,0.000000000000000000e+00
2.230561213596442827e-01,3.604027076117474748e-02,7.865809463316628669e-01,-3.208615390648461019e-01,-3.679868971142074563e-01,3.031022876466525906e-01,0.000000000000000000e+00,0.000000000000000000e+00
7.279760778349346484e-02,-3.555060454971529366e-02,3.146875821401052264e-01,-2.635979934933374014e-01,9.072052500464196090e-01,-4.362477023969924678e-02,0.000000000000000000e+00,0.000000000000000000e+00
0.000000000000000000e+00,0.000000000000000000e+00,0.000000000000000000e+00,0.000000000000000000e+00,0.000000000000000000e+00,0.000000000000000000e+00,0.000000000000000000e+00,1.000000000000000000e+00
7.943004001843505246e-02,1.598341965904790524e-02,2.652068330556148212e-01,-1.866618924933786949e-02,-1.487997334116449855e-01,-9.490052410049252263e-01,0.000000000000000000e+00,0.000000000000000000e+00
