-3.699598025001356594e-01,-1.614028494508489286e-01,-3.769728000357852604e-02,2.581695502505479065e-02,7.274144330733401942e-01,-2.277441029837093678e-01,4.120145628958813561e-02,3.900528702752095178e-01,5.987617776554434584e-02,6.799797231364190786e-02,-1.429850813278000510e-01,-2.673943057645182808e-01,0.000000000000000000e+00,0.000000000000000000e+00,0.000000000000000000e+00,0.000000000000000000e+00
-9.423567136940651234e-02,-4.068338298753312876e-02,-8.534914196804608416e-03,2.921616338324886479e-03,8.508522660507041036e-02,-5.548157755244533321e-03,-7.318955283232135914e-03,-1.147867862290172236e-01,8.908723976019182755e-01,-2.456948969363505486e-01,4.771149613837185471e-02,3.355402668913008424e-01,0.000000000000000000e+00,0.000000000000000000e+00,0.000000000000000000e+00,0.000000000000000000e+00
-5.388984789767916617e-01,-2.566040007010692015e-01,-6.241236704090036280e-02,2.298685566976632275e-02,5.321158669164780669e-02,-2.978011097531264167e-02,9.295710780935215189e-02,-2.702118683075558359e-01,-3.027551022875452080e-01,-2.301203592854139945e-01,5.828717557343604527e-01,2.637987795669986535e-01,0.000000000000000000e+00,0.000000000000000000e+00,0.000000000000000000e+00,0.000000000000000000e+00
-8.560795640124216344e-02,-3.781725452853507835e-02,-1.084892679969257090e-02,-9.938608993802594549e-01,-3.998982318433161320e-02,5.005736313316290660e-03,-1.046825212512026218e-02,2.295864498175485477e-02,8.863276026027490720e-03,8.250750329151023549e-03,-2.637893731266009040e-02,-1.614120869510521014e-02,0.000000000000000000e+00,0.000000000000000000e+00,0.000000000000000000e+00,0.000000000000000000e+00
0.000000000000000000e+00,0.000000000000000000e+00,0.000000000000000000e+00,0.000000000000000000e+00,0.000000000000000000e+00,0.000000000000000000e+00,0.000000000000000000e+00,0.000000000000000000e+00,0.000000000000000000e+00,0.000000000000000000e+00,0.000000000000000000e+00,0.000000000000000000e+00,1.000000000000000000e+00,0.000000000000000000e+00,0.000000000000000000e+00,0.000000000000000000e+00
0.000000000000000000e+00,0.000000000000000000e+00,0.000000000000000000e+00,0.000000000000000000e+00,0.000000000000000000e+00,0.000000000000000000e+00,0.000000000000000000e+00,0.000000000000000000e+00,0.000000000000000000e+00,0.000000000000000000e+00,0.000000000000000000e+00,0.000000000000000000e+00,0.000000000000000000e+00,1.000000000000000000e+00,0.000000000000000000e+00,0.000000000000000000e+00
4.327877108591347555e-01,-9.011956029554157865e-01,-5.020129328121497765e-03,-3.882262572310809894e-03,1.988710279087994859e-02,-3.169960423004799036e-03,8.247058490981304044e-03,-3.637393073357358866e-03,3.088360912557791549e-03,1.752078981527195687e-03,7.796948297863105651e-04,-1.001546528652927717e-03,0.000000000000000000e+00,0.000000000000000000e+00,0.000000000000000000e+00,0.000000000000000000e+00
-5.669024365753170258e-01,-2.879782538109619261e-01,-7.529937626513440174e-02,1.036271482457951781e-01,-5.564231186436876531e-01,9.911108321935727106e-02,-2.670066816091948847e-01,2.288017356513235012e-01,8.783679565614732621e-02,8.003772599108407992e-02,-3.319175230401295029e-01,-1.091718481334845309e-01,0.000000000000000000e+00,0.000000000000000000e+00,0.000000000000000000e+00,0.000000000000000000e+00
5.048017753385099227e-02,2.206859344701245229e-02,4.322191343963753714e-03,-2.004818113585056950e-03,-2.248518569415756119e-01,-9.672482392841067478e-01,-7.918358874066197539e-02,-5.012964979401251381e-02,-3.125904667656742054e-03,-5.760298669890727592e-03,-6.441745350924825246e-03,4.412531403976364258e-02,0.000000000000000000e+00,0.000000000000000000e+00,0.000000000000000000e+00,0.000000000000000000e+00
-1.432202134139103911e-01,-6.205455375781218641e-02,-1.439145836872455717e-02,6.837269784113000209e-03,1.235563844257170918e-01,-1.296951331187082626e-02,1.954433228960488367e-03,-8.246487831495943333e-01,5.965762331382760270e-02,7.513838244740522754e-02,-3.045168000390938157e-01,-4.218580646242003351e-01,0.000000000000000000e+00,0.000000000000000000e+00,0.000000000000000000e+00,0.000000000000000000e+00
-9.372484917709632268e-02,-4.073536607599583664e-02,-1.417591723669512152e-02,1.436746916771229621e-02,-1.985819814396958816e-01,-3.991785008425788317e-02,9.530088528003158865e-01,6.332724877447490353e-02,3.941817376819625740e-02,3.209193334372312245e-02,-1.824114443462873658e-01,5.179777883805172269e-03,0.000000000000000000e+00,0.000000000000000000e+00,0.000000000000000000e+00,0.000000000000000000e+00
-6.997665607102085406e-02,-3.034515891635367058e-02,-2.135262020167259973e-03,-2.459933340078411697e-03,2.045413500461558398e-01,-3.991103267573421071e-03,-5.390196447388630879e-02,-1.448073756374295695e-01,-2.161927220009168538e-01,3.102746281580815446e-01,-4.819923683113996327e-01,7.437189366143500679e-01,0.000000000000000000e+00,0.000000000000000000e+00,0.000000000000000000e+00,0.000000000000000000e+00
0.000000000000000000e+00,0.000000000000000000e+00,0.000000000000000000e+00,0.000000000000000000e+00,0.000000000000000000e+00,0.000000000000000000e+00,0.000000000000000000e+00,0.000000000000000000e+00,0.000000000000000000e+00,0.000000000000000000e+00,0.000000000000000000e+00,0.000000000000000000e+00,0.000000000000000000e+00,0.000000000000000000e+00,1.000000000000000000e+00,0.000000000000000000e+00
0.000000000000000000e+00,0.000000000000000000e+00,0.000000000000000000e+00,0.000000000000000000e+00,0.000000000000000000e+00,0.000000000000000000e+00,0.000000000000000000e+00,0.000000000000000000e+00,0.000000000000000000e+00,0.000000000000000000e+00,0.000000000000000000e+00,0.000000000000000000e+00,0.000000000000000000e+00,0.000000000000000000e+00,0.000000000000000000e+00,1.000000000000000000e+00
-9.445820670405394304e-02,-5.113359125825201607e-02,9.941425395453814540e-01,-2.309947789036852477e-04,-1.076076156952419580e-02,4.103603192110947531e-04,1.071854925138667402e-03,3.033266491855526967e-03,2.188739923122736818e-04,4.924863861709438424e-04,9.737362278458120985e-04,-4.001270337545782471e-03,0.000000000000000000e+00,0.000000000000000000e+00,0.000000000000000000e+00,0.000000000000000000e+00
-4.649520675432544659e-02,-2.001504021976610939e-02,-6.868002920289014053e-03,4.484637083259126675e-03,-4.453768193125232783e-02,-3.158623109130884177e-03,2.704400123209177789e-02,-3.507733680977800916e-02,2.267933587767094472e-01,8.789757074087160005e-01,4.102562537875676929e-01,-3.272945661199193335e-02,0.000000000000000000e+00,0.000000000000000000e+00,0.000000000000000000e+00,0.000000000000000000e+00
