3.698476005083507490e-01,1.531824083328570396e-01,-3.903838946693471978e-02,-3.439465441326417043e-15,-2.742296714576468453e-02,-7.556755742783577423e-01,1.849976437970134446e-01,-7.713657625283573682e-02,-3.747973601777457864e-01,-2.695881955102601979e-01,5.403642059528486474e-02,-8.358962772778116834e-02,5.651652020406077587e-02,0.000000000000000000e+00,0.000000000000000000e+00,0.000000000000000000e+00
9.421081402214223632e-02,3.676750891239233265e-02,-9.176751168571523412e-03,-8.671406423075722799e-16,-3.578027740176239861e-03,-5.729600456607264469e-02,2.769480739991666846e-03,-2.132064572869390301e-03,1.104607233236306607e-01,2.406645662229238702e-01,9.123690111880727871e-01,1.816146249707114579e-01,-2.255178939296972884e-01,0.000000000000000000e+00,0.000000000000000000e+00,0.000000000000000000e+00
5.386820100915518106e-01,2.653117527009207777e-01,-5.828625540518550530e-02,-4.966070438757120232e-15,-2.271642692077234169e-02,-8.696754037750061006e-02,1.805714856873697968e-02,6.756759343410523311e-02,3.234854568232635730e-01,6.006170371678773989e-01,-3.118924703567446666e-01,-7.847508574019555760e-02,-2.329041232511488424e-01,0.000000000000000000e+00,0.000000000000000000e+00,0.000000000000000000e+00
8.557322045641156671e-02,4.096109129761570100e-02,-1.050915721661920162e-02,-1.471168397742979901e-15,9.937368190715358818e-01,3.951636283922265597e-02,-3.623018632499533636e-03,-9.688959936742416734e-03,-2.649751359260985387e-02,-2.952837987581404672e-02,8.484183730260766096e-03,1.049201227554207938e-03,7.773943303396872902e-03,0.000000000000000000e+00,0.000000000000000000e+00,0.000000000000000000e+00
0.000000000000000000e+00,0.000000000000000000e+00,0.000000000000000000e+00,0.000000000000000000e+00,0.000000000000000000e+00,0.000000000000000000e+00,0.000000000000000000e+00,0.000000000000000000e+00,0.000000000000000000e+00,0.000000000000000000e+00,0.000000000000000000e+00,0.000000000000000000e+00,0.000000000000000000e+00,1.000000000000000000e+00,0.000000000000000000e+00,0.000000000000000000e+00
-3.499677517500864696e-18,-5.910720200857602139e-16,-2.537690460589530684e-15,-1.000000000000000000e+00,-1.445855171482603794e-15,7.859334356367373489e-15,-7.368753518367572101e-16,-2.372262339086667877e-15,-3.420934935932953502e-15,-3.932857244547358984e-15,8.805007585465708878e-16,4.816647839396054281e-16,1.018320727344402132e-15,0.000000000000000000e+00,0.000000000000000000e+00,0.000000000000000000e+00
-4.334996164723827761e-01,9.003388265228530196e-01,6.484495046829861879e-03,-7.200126698147014558e-16,1.167402536507746542e-03,-2.987894870432501043e-02,-1.236048652549620250e-03,-1.009349151369438174e-02,3.068897349879046426e-03,-6.568522204993352404e-03,5.233263108787048964e-03,1.833629574600799741e-02,3.512848817938052631e-03,0.000000000000000000e+00,0.000000000000000000e+00,0.000000000000000000e+00
5.666735763759902511e-01,2.880109216589359922e-01,-6.954050187810241479e-02,7.704827205540917898e-15,-1.050019453962313803e-01,5.980476952526908585e-01,-6.071228348432230332e-02,-1.843454466557342408e-01,-2.720256826380587634e-01,-3.059285511661141710e-01,8.971274179615218447e-02,5.035875351463300897e-02,8.102206804659368988e-02,0.000000000000000000e+00,0.000000000000000000e+00,0.000000000000000000e+00
-5.047019401578617392e-02,-1.782134555692980668e-02,4.944747555212277400e-03,2.226216716670848135e-16,3.296985869732120631e-03,1.794378479685889427e-01,9.796985782068095006e-01,-4.129196494966012182e-02,4.590478627111726356e-02,2.862521328917141256e-02,-4.262286280674173686e-03,2.038826661864953649e-02,-5.202497746651669683e-03,0.000000000000000000e+00,0.000000000000000000e+00,0.000000000000000000e+00
1.431749042545971129e-01,6.040383128146082498e-02,-1.482035302508120066e-02,-1.132230368477824442e-15,-7.203672376978052447e-03,-9.525637602410137739e-02,7.617164406920442707e-03,9.402183978384487731e-03,8.007795228326880510e-01,-5.552991831155335012e-01,6.144675565744577711e-02,-8.897695891531935686e-02,7.115447151309249596e-02,0.000000000000000000e+00,0.000000000000000000e+00,0.000000000000000000e+00
9.366679183697930455e-02,5.639852133453390065e-02,-1.229686253662826308e-02,-6.675982922160190011e-16,-1.030938699101954098e-02,6.321897348375186965e-02,4.314706051765308803e-02,9.755397726651394708e-01,-1.068380979721613444e-01,-1.176624531589755551e-01,3.513037370045053731e-02,5.287193526004158040e-02,3.104304048401450994e-02,0.000000000000000000e+00,0.000000000000000000e+00,0.000000000000000000e+00
6.998619332325134446e-02,1.085431179236386219e-02,-4.675044655960539086e-03,-6.315404219980194325e-16,-6.435663534858004561e-04,-1.119027919043627528e-01,-8.991652705957287137e-04,-3.697927611525061997e-02,9.767751017680696701e-02,7.352857619680171208e-02,-1.245773844968542932e-01,8.897040155373526771e-01,3.987871973204790699e-01,0.000000000000000000e+00,0.000000000000000000e+00,0.000000000000000000e+00
0.000000000000000000e+00,0.000000000000000000e+00,0.000000000000000000e+00,0.000000000000000000e+00,0.000000000000000000e+00,0.000000000000000000e+00,0.000000000000000000e+00,0.000000000000000000e+00,0.000000000000000000e+00,0.000000000000000000e+00,0.000000000000000000e+00,0.000000000000000000e+00,0.000000000000000000e+00,0.000000000000000000e+00,1.000000000000000000e+00,0.000000000000000000e+00
0.000000000000000000e+00,0.000000000000000000e+00,0.000000000000000000e+00,0.000000000000000000e+00,0.000000000000000000e+00,0.000000000000000000e+00,0.000000000000000000e+00,0.000000000000000000e+00,0.000000000000000000e+00,0.000000000000000000e+00,0.000000000000000000e+00,0.000000000000000000e+00,0.000000000000000000e+00,0.000000000000000000e+00,0.000000000000000000e+00,1.000000000000000000e+00
9.443655735607077439e-02,3.849883301604498792e-02,9.947633979029186779e-01,-2.478930521012885704e-15,4.373799242655246312e-04,5.162811177736805965e-03,-1.377883654406103519e-04,3.468303029618839445e-04,-2.853078504302285039e-03,-2.612339656176919205e-03,5.406307588633223931e-04,-1.665239133183250017e-03,5.863514382979947244e-04,0.000000000000000000e+00,0.000000000000000000e+00,0.000000000000000000e+00
4.646546043034376072e-02,2.842317324077427154e-02,-5.895021922940680767e-03,-2.412360288072430767e-16,-3.139051410263767310e-03,1.325346729439295240e-02,3.418194875843621854e-03,2.149796190548964106e-02,6.045253872151037933e-02,2.927802633806844690e-01,1.966986632379723876e-01,-3.850885715966719802e-01,8.485167142172078680e-01,0.000000000000000000e+00,0.000000000000000000e+00,0.000000000000000000e+00
