-6.310193663963302724e-01,-2.816825861416483168e-01,4.613794908942782658e-01,-5.511508405060627780e-01,7.454976386002527822e-02,1.653871208173117446e-02,0.000000000000000000e+00,0.000000000000000000e+00
7.187037467402844493e-02,6.539167721706983238e-01,7.283591955351897962e-01,1.908296556336794847e-01,-1.732899156886425970e-02,-2.033514023453100294e-03,0.000000000000000000e+00,0.000000000000000000e+00
0.000000000000000000e+00,0.000000000000000000e+00,0.000000000000000000e+00,0.000000000000000000e+00,0.000000000000000000e+00,0.000000000000000000e+00,1.000000000000000000e+00,0.000000000000000000e+00
-7.155688269137645552e-01,5.467478516817177170e-02,-1.532485739371990674e-01,6.735289697349320370e-01,6.401830732691198012e-02,6.121421123454644231e-02,0.000000000000000000e+00,0.000000000000000000e+00
-2.638926488438472773e-01,7.000033721195655367e-01,-4.826241238761018182e-01,-4.525930173497161868e-01,5.004826166559286221e-02,9.199788631387680396e-03,0.000000000000000000e+00,0.000000000000000000e+00
-3.315093535008584169e-02,1.544401922529561573e-03,-2.885929095677072353e-03,-3.650253784545412494e-02,-6.875010732658366486e-01,7.244999245758831918e-01,0.000000000000000000e+00,0.000000000000000000e+00
0.000000000000000000e+00,0.000000000000000000e+00,0.000000000000000000e+00,0.000000000000000000e+00,0.000000000000000000e+00,0.000000000000000000e+00,0.000000000000000000e+00,1.000000000000000000e+00
-1.177800823477386793e-01,7.165015642744574850e-03,-1.422493282101866888e-02,1.626605395774521163e-03,-7.175521868471956832e-01,-6.862873883039114498e-01,0.000000000000000000e+00,0.000000000000000000e+00
