4.488588272875100316e-01,9.081915284740456340e-02,8.827524580184897829e-01,1.045867598451029473e-01,7.278663082653525837e-03,-5.862016146820833544e-03,0.000000000000000000e+00,0.000000000000000000e+00
2.821273304458742082e-02,-9.720601815619442920e-01,1.100596783083096497e-01,-2.052493087287499685e-01,-7.316025714865200327e-03,3.018171747835766885e-03,0.000000000000000000e+00,0.000000000000000000e+00
0.000000000000000000e+00,0.000000000000000000e+00,0.000000000000000000e+00,0.000000000000000000e+00,0.000000000000000000e+00,0.000000000000000000e+00,1.000000000000000000e+00,0.000000000000000000e+00
8.687465634715251239e-01,1.950796020331974773e-02,-4.209468924440573079e-01,-2.046841845389998915e-01,1.592521405744258822e-01,-2.111165575888161033e-02,0.000000000000000000e+00,0.000000000000000000e+00
1.446030874939228938e-01,-2.154875533225410200e-01,-1.643296949094164849e-01,9.512923094086955800e-01,2.464231136159087537e-02,-9.301148955598902493e-03,0.000000000000000000e+00,0.000000000000000000e+00
4.033247195020333437e-02,2.561995518506948819e-03,-1.377789406564573597e-02,4.851262461807661838e-03,-1.190156698045921196e-01,9.919620119308845130e-01,0.000000000000000000e+00,0.000000000000000000e+00
0.000000000000000000e+00,0.000000000000000000e+00,0.000000000000000000e+00,0.000000000000000000e+00,0.000000000000000000e+00,0.000000000000000000e+00,0.000000000000000000e+00,1.000000000000000000e+00
1.430819419432870498e-01,5.373539668930616721e-03,-6.515059340306199320e-02,-7.623833909195672741e-03,-9.796735575617292469e-01,-1.242404157722079433e-01,0.000000000000000000e+00,0.000000000000000000e+00
