4.337291374679290157e-01,6.265059592836142999e-01,6.422462291769706066e-01,8.252260398381475182e-02,8.883452975604057625e-03,4.511057366297207476e-04,0.000000000000000000e+00,0.000000000000000000e+00
1.359952390784835152e-01,6.363771372463816745e-01,-7.363881695293033047e-01,1.850851238841578483e-01,-1.263806429022431860e-03,1.948749706488177259e-03,0.000000000000000000e+00,0.000000000000000000e+00
0.000000000000000000e+00,0.000000000000000000e+00,0.000000000000000000e+00,0.000000000000000000e+00,0.000000000000000000e+00,0.000000000000000000e+00,1.000000000000000000e+00,0.000000000000000000e+00
8.072217509107721956e-01,-2.868012222529678912e-01,-2.101383132837473244e-01,-4.433635834277568355e-01,1.202142297059563825e-01,1.046769550920619990e-01,0.000000000000000000e+00,0.000000000000000000e+00
3.503238987944788940e-01,-3.436830463984425488e-01,-1.356218845254130584e-02,8.706501957079662013e-01,2.724925199547747687e-02,-1.403251850031169735e-02,0.000000000000000000e+00,0.000000000000000000e+00
3.741193195718814368e-02,-1.615844930463980825e-02,-7.851932039165435920e-04,1.306498044316457656e-02,-7.831415236419055903e-01,6.203686771338582373e-01,0.000000000000000000e+00,0.000000000000000000e+00
0.000000000000000000e+00,0.000000000000000000e+00,0.000000000000000000e+00,0.000000000000000000e+00,0.000000000000000000e+00,0.000000000000000000e+00,0.000000000000000000e+00,1.000000000000000000e+00
1.328566460382252512e-01,-4.336299367868112070e-02,-3.015932180132736840e-02,-6.449645446313073682e-02,-6.094381496479075455e-01,-7.771644142693202584e-01,0.000000000000000000e+00,0.000000000000000000e+00
