-5.608456317755441400e-01,-4.114271616163403533e-01,-4.194861559709068266e-01,-5.110974268267802767e-01,2.410060477154826464e-01,-3.026364869899283300e-02,-4.216400155800369837e-02,5.280069007007521381e-02,-1.175222621800975087e-01,-1.539546889317107078e-02,-2.861549145361478187e-04,-1.077587732397272506e-02,-3.542055361731545615e-02,2.411279771986175619e-03
-5.956121157406146782e-01,8.032272976965576516e-01,8.490874340489571251e-03,3.834429140014781735e-05,-8.604378260488675819e-06,3.002533663329248103e-05,4.463995790282082946e-05,-3.700694811236006327e-05,-1.034829138303664902e-04,6.146602400834057386e-05,7.375412810986939313e-06,-2.153853887206368003e-05,3.811501370936487618e-06,-6.580943956783659381e-06
-2.085923453173156583e-01,-1.552315668521047909e-01,4.976428271479142046e-02,3.873748516680069476e-01,-7.290426028948034098e-03,-3.623426000093946803e-02,1.175343551246986196e-01,-2.835624771102414621e-01,-3.574020763664567113e-01,-7.271472979912445567e-01,-1.275751173106104246e-02,-8.938766844507113618e-02,-1.288529096331174906e-01,-5.507395714942250192e-02
-8.641010672916878133e-02,-6.194118060751872823e-02,-2.031368986477953831e-01,3.869848193996807684e-01,-1.538559355862077205e-01,2.879643118508182775e-01,-3.783535117472816012e-01,6.851826171368918805e-01,-2.727769879453963431e-01,2.008026916495807279e-02,-5.663593034914574456e-03,4.223505486300153239e-02,-2.580375555008618260e-02,3.407093719603842413e-02
-1.861633715767878894e-01,-1.330913361199176914e-01,-4.656414019240079361e-01,4.698167095047300901e-01,-1.260130346580085881e-01,5.184181596538103148e-02,-5.425563480294749025e-02,-3.116189335131739901e-01,5.664917955214209266e-01,1.086153691582661396e-01,3.346554478390605623e-03,5.352996611129436089e-02,3.963596003115064958e-04,2.363816418194200353e-01
-2.744215927766422980e-01,-2.072739684572424135e-01,3.614082271839457183e-01,2.321493083373667443e-01,2.879455735536239416e-02,-7.236499119312124195e-01,-3.082143298941663057e-01,1.087062666568043984e-01,1.013440886601614660e-01,1.688190248099065149e-01,2.834851015017695458e-02,-7.786965741728964566e-03,4.794074991864978597e-02,-1.548436580415726294e-01
-2.100424240196179515e-01,-1.579668932380452195e-01,2.105977560788906688e-01,1.443957904091160982e-01,8.813535152235087156e-02,7.643236002271003304e-02,7.400883610882003083e-01,4.473897046036959257e-01,2.919447445755629644e-01,-8.550462989717970766e-03,3.943445535335173002e-02,8.135227367893931028e-02,-9.017852091620096044e-02,-5.117350007728061617e-02
-1.803834715828942226e-01,-1.387408493779097585e-01,4.753554679556157847e-01,-1.053621234277213672e-02,3.297025441635564325e-01,5.625852695423572136e-01,-3.751033997457506319e-01,-1.149006072034898240e-01,3.222405023592239126e-01,-7.658321236758193484e-02,8.268531948642389440e-03,-6.425421083805267497e-02,-1.168316079809269558e-05,-1.706674599702891759e-01
-1.100065736539917738e-01,-8.307482279433317518e-02,1.495820944368548289e-01,-3.497716973040328470e-01,-7.962938181385229575e-01,2.202022502603905377e-02,-1.044101427561607981e-01,9.661004789674869364e-02,2.840896924602346885e-01,-3.151503210911988373e-01,-3.486457097348711481e-02,1.257403338249960152e-02,3.998773591981657875e-03,-7.877621229748976370e-03
-1.614240344930533973e-04,-1.908485808162209158e-03,1.693130210004000491e-01,-6.079915073068512671e-02,6.972753674671078490e-03,-3.930172581650821784e-02,-7.247887900269517347e-02,7.611817176289815967e-03,-1.977976424402869138e-02,1.060100551526589469e-01,5.747044266789591918e-04,-1.908182562657305403e-01,-8.127271193951203232e-01,5.021571910563322749e-01
-1.437219500889538315e-01,-1.095189973180352300e-01,2.761748038192634036e-01,3.828061411208405658e-04,-4.716106466916391432e-02,8.250396045808484902e-02,1.455746612210454156e-02,-1.398376792169824800e-01,-2.350965309972798123e-01,8.872417324838619002e-02,3.980008937182377693e-02,7.028944505278863497e-01,2.161664360568021637e-01,5.067192655141774527e-01
-2.243955901487284729e-02,-1.699403618089524726e-02,3.402991968705747217e-02,2.092218307442840833e-02,2.877136112584029182e-02,-7.667296195066463510e-03,2.683530663692730231e-02,8.019373330235847128e-03,-4.894720665611265297e-04,3.520439843420069409e-02,-9.965832731182255877e-01,6.130832643574551412e-03,2.463967186893988373e-02,2.963718971739807972e-02
1.526772142613158911e-01,1.135184847880881254e-01,-1.913745905659243463e-02,-1.044657786648876124e-01,3.239039162012763429e-01,-1.887075683476266974e-01,-1.133342901797464164e-01,2.892366884023057638e-01,2.666019907589312621e-01,-4.588082827241398709e-01,8.646996311031232563e-03,-1.829835857172976976e-01,3.361138750769572803e-01,5.360831111828734397e-01
1.911270436608988599e-01,1.437600862311000371e-01,-1.833783706943168390e-01,-7.741404626197176397e-02,2.071547685647464887e-01,-1.471092479989102031e-01,-1.579620842803792502e-01,1.112559622717831931e-01,2.373716316498230838e-01,-3.069317181775091385e-01,-3.624774217154123901e-02,6.420951122307422265e-01,-3.875524487777027849e-01,-2.948719850076013116e-01
