5.900474303071183702e-01,3.698087402833541981e-01,-1.344799067539054482e-01,5.557842528592654707e-01,-3.142769668676939077e-01,-6.522555290524455207e-02,1.515197572065542508e-01,6.701686573859245988e-02,-1.757698961789029013e-01,2.353028789819702760e-02,-1.194694186801312646e-01,3.903592413917623266e-02,1.018266746198304012e-01,4.063851571251088368e-03
5.313935229836448393e-01,-8.471224136142574412e-01,2.059450160531209415e-03,-4.319953061306277647e-05,2.312237947687087903e-06,3.327134389047111838e-04,1.274608543587017620e-04,1.261763513507524806e-04,-5.271466679107937950e-05,-2.636994217576361707e-05,-2.627541793485967635e-04,1.202846844676947510e-04,-2.227500714675988949e-04,-1.319542871298934469e-04
2.200534508994871352e-01,1.380993204246633854e-01,-4.257782369969007031e-04,-1.638477421137644607e-01,5.033853199755625174e-02,4.763451123214205718e-01,-6.662131858170615706e-01,-2.982779201598138585e-01,-3.328192708377439302e-01,4.736757691717023711e-02,-1.083400865154781657e-02,1.042233751674773723e-01,1.291806734340776586e-01,-5.225460426509635770e-02
9.097876532930536386e-02,5.862834012939879824e-02,6.906676312762758396e-01,-7.113318716947522602e-02,-6.602607114541143851e-02,-3.799641225941146477e-02,3.139499223001036010e-01,-3.214409202767801732e-01,-3.544016431653889132e-01,-3.768737093180691416e-02,3.949077141905142363e-01,-4.552525499506764051e-02,-4.988399915438862520e-02,1.047757552058442565e-01
1.952583425746794166e-01,1.235766336186842201e-01,4.183485043321276131e-01,-1.392448863491215771e-01,9.097803906626480974e-02,-1.277811904051244507e-01,-1.011462428278470799e-02,-2.918157611881962987e-01,4.325233782518030368e-01,1.792212774088685137e-02,-6.569601648081773160e-01,1.136338728036845741e-01,6.324107216064567272e-02,8.017594223724021363e-02
2.903564115550122393e-01,1.813793528488865658e-01,-2.314345440429761702e-01,-6.845036349246953478e-01,-1.796449306035298177e-01,-5.391857862570343940e-01,-4.296263092110221699e-02,6.961091078275408184e-02,-1.424576046592348488e-01,3.723159250940106385e-02,8.282789697146443475e-02,2.880401856207365566e-02,3.948660892134453482e-02,-8.529102353412171267e-03
2.224723420470341162e-01,1.405909883189654652e-01,3.055511559010641309e-01,-2.364305058898760470e-01,2.259768140064887243e-01,3.547317771936880915e-01,1.190443894591348001e-01,7.620593762038589958e-01,-9.716117976056128092e-03,-5.471772890541718023e-04,-3.620933942945212675e-02,5.584477613184379852e-02,6.121807100609875235e-02,-3.743012751194864374e-02
1.913428579826973452e-01,1.193330960025086040e-01,-3.441242248035369378e-01,-2.654063102161253185e-01,1.008212284893864746e-02,4.913152449071399031e-01,5.009339539944501762e-01,-3.274798475157762456e-01,3.390989033223465454e-01,1.362704470046301013e-02,1.974358308755599922e-01,4.923322170650575730e-02,6.319079367162939997e-02,-6.609009490934902864e-03
1.164444716808227670e-01,7.255145813040668468e-02,-1.848515913995306958e-01,1.036221982786684898e-01,8.653751368580822056e-01,-2.105469499389659438e-01,1.714015477234608065e-01,-1.416053230514973116e-01,-2.898378870767293058e-01,1.645248624067968332e-02,-5.730976723540083528e-02,3.384810332769136454e-02,4.406912899851226501e-02,-5.464173936859988839e-02
3.624474346438900604e-04,-6.807149141062155144e-05,-1.427179200253465008e-01,-5.445358475761388761e-02,1.563066417292718890e-02,1.106901713101272750e-01,2.028475118110491249e-02,4.461081326960512905e-02,-1.629666807938164041e-01,2.726800782136516721e-02,-1.542295328836224555e-01,-4.377074818143587148e-02,-3.211233873651047621e-01,8.975764583078134073e-01
1.524872109288812339e-01,9.561948876815509757e-02,4.341827831236952893e-03,-4.352166111522742104e-02,6.191219198919033218e-02,5.124152863446076317e-02,-8.024257041326261775e-02,-3.123392391138916577e-02,7.106379453030711724e-02,-1.217794903900489695e-01,-6.084000006344537220e-02,-9.401770066062420383e-01,-1.794847917403840643e-01,-1.099496636432790997e-01
2.382313785368028042e-02,1.489376166172908834e-02,-4.379478776294128822e-02,-1.954373507527097306e-02,-1.824872571073319228e-03,2.528259647843298687e-03,-2.026359062163855113e-02,-6.503908988105830749e-03,-2.111037921427784403e-02,-9.882565915308004767e-01,-2.715384654250377339e-02,1.350614035194766804e-01,-5.329904296742199281e-03,1.854712806696064142e-02
-1.611734652316206273e-01,-1.008361770160652177e-01,-8.104618211994327193e-02,-1.555976168284197159e-01,-1.988522003984722064e-01,1.785624896695382768e-01,3.160551242848396170e-01,-4.641120675433379333e-02,-4.865812942336502078e-01,2.207489432441485377e-02,-5.209891526063824552e-01,4.456617757008313196e-02,-3.561349343499716213e-01,-3.494393879534926084e-01
-2.021617538764033661e-01,-1.270589450032746925e-01,-3.853194600006375203e-02,-6.880499603050647950e-02,-1.006131772096537785e-01,4.498325907337807211e-02,1.762169446000854678e-01,4.585739996799426121e-03,-2.397111414198715429e-01,-3.010058461695397369e-02,-2.190175241744926893e-01,-2.429694230964975221e-01,8.324771810621451884e-01,1.875081754545177282e-01
