-5.237923735787822777e-01,-4.591701165969572784e-01,3.066075067789408304e-01,4.449007333548973819e-01,3.505529223904692571e-01,2.655837302033146607e-01,1.843045571848646660e-02,5.995303334108250531e-02,7.121957682500840159e-02,-1.049430448239555419e-01,1.535318282967258752e-02,1.541532581844662873e-02,-9.456655847488665279e-02,-1.397622013000895556e-03
-6.594743412962790208e-01,7.517266281038427200e-01,-8.181875583727332008e-04,1.203129489691219649e-06,-1.178590802634117999e-05,-4.196625348142341159e-06,5.442687369942326509e-06,-7.912803667253460564e-07,-7.724919816748685041e-06,3.624823581577735652e-06,-4.575412913183301317e-06,7.689671550528812588e-07,7.597243881613202849e-06,-5.581938273577800033e-07
-1.953031220507357169e-01,-1.713871470583346046e-01,-4.640453433889352858e-02,-6.771955322065328908e-02,-1.777845177105686902e-01,-4.475424004047062754e-01,3.961703318387302941e-01,-3.140309747993807465e-01,6.184519252406243117e-01,-5.060893869939701861e-02,2.723683235721662682e-02,1.585995099753853277e-01,-4.307874166178154995e-02,1.596258803831327733e-01
-8.007392210245845021e-02,-7.112361642144139628e-02,-8.092899151570442928e-01,4.762461258077438364e-02,1.209800865024755340e-01,2.672299279385760840e-01,1.646569227981365957e-01,3.977041568138627303e-01,2.312207110338045379e-01,4.485679609801863227e-02,-3.825259661041051362e-02,3.504748092028386885e-02,-3.317147454197808161e-03,-4.248615655639034761e-02
-1.729483987745785989e-01,-1.519930135150700246e-01,-2.418073725343986569e-01,-2.230652149293959469e-02,-1.949014522723447329e-01,-2.022655661245422176e-01,2.277115185680125831e-01,-1.262721948259678262e-01,-5.231104878047488915e-01,-5.140540138037702489e-01,-1.318739265718809478e-02,2.174652247444787065e-02,-3.368914873138862953e-01,-2.988053652962808227e-01
-2.578490053123205783e-01,-2.260858096545962093e-01,1.043641728899493831e-01,-7.936549563948219754e-01,3.245892570953710643e-01,-1.601988067921609193e-01,-6.167216910868033447e-02,2.862409634761658994e-01,-6.891699670242944220e-02,9.035787150802504497e-02,2.277018248374603621e-02,-1.212819368644445402e-02,-9.781092633789464919e-02,4.139068281313184466e-02
-1.970836833217189388e-01,-1.732806384654007326e-01,-3.566472364353715507e-01,6.702365233872031175e-03,-1.317633491039777067e-02,-1.388804018010585395e-01,-7.788763539632951316e-01,-4.014391448303290533e-01,6.133147356192603789e-02,7.478082607936781256e-03,-2.118558111633845470e-02,-8.940456859090024910e-02,-1.805725906571927983e-02,6.356873341248471532e-02
-1.700365472663641353e-01,-1.490520113798679547e-01,1.121542656936858756e-01,-3.208948437793915365e-01,-6.436529975176001894e-01,6.261723732674592258e-01,-3.311974169491446046e-02,-7.194081018680535677e-02,1.241722435304117023e-01,-6.938884327435626553e-02,-1.651276540834553316e-02,8.513849027853945262e-03,9.192293321399185729e-03,1.535501848836264829e-03
-1.034121724662915853e-01,-9.060035250768354309e-02,1.172868446896031952e-01,2.272537561952401031e-01,-4.841065706898463605e-01,-3.943781599358577861e-01,-2.626130668820129133e-01,6.687750437995703123e-01,4.441237277843919362e-02,2.687407325655096629e-02,-1.803126053353674638e-02,4.806956377493815102e-03,-6.641748793152778274e-02,4.608522090084195971e-02
-5.113546437571531589e-04,-3.485262160544804486e-04,9.119893062981375420e-02,-4.651906558541297337e-02,3.447792519932523642e-02,-6.141983199212132372e-02,-1.133293866173662456e-01,1.349989674144353759e-02,2.640057850933860695e-01,1.646457474129725540e-02,6.153272556019508815e-02,1.252578494988114688e-01,2.474982331298998250e-01,-9.059967500501354687e-01
-1.352730480312820949e-01,-1.187328518813853123e-01,-4.832101007703298173e-02,-1.054239178400471176e-02,-5.817631449112547343e-02,-1.113129778645884360e-01,1.656390606670759269e-01,5.856802214492480563e-03,-6.763317802624652098e-02,-1.278732216134140509e-01,1.705266205112501016e-02,-7.342027480301267506e-01,6.009534446559759990e-01,2.228605937909390600e-02
-2.112001482212649481e-02,-1.848975116409674532e-02,4.162181706318163199e-02,-1.277071132307324407e-02,1.710170759723809997e-02,-3.051322013270907699e-02,2.772703711503896398e-02,-2.395411088843859768e-02,-2.781382518247447447e-04,3.952719255668742104e-02,-9.940700679249966365e-01,2.185230162380930041e-02,4.833413901831124654e-02,-4.689356025742694861e-02
1.429559819043323965e-01,1.254872392355985689e-01,6.200732306146382322e-02,-8.463852896642683199e-02,1.610128141321244821e-01,4.894196021634908411e-02,-1.944236285541638687e-01,1.564814014114992158e-01,2.047095234326665736e-01,-8.052838187122186575e-01,-3.200496909269373580e-02,2.403496567347273016e-01,2.763257935583323666e-01,1.914792307996804333e-01
1.793118290631754985e-01,1.574276113531773991e-01,9.881017427130707464e-02,-2.364097769196906243e-02,8.894715321931319363e-02,6.914581543649156448e-02,-6.619209106342224813e-02,5.364069175767977732e-02,3.784913653446909665e-01,-1.993425862279736838e-01,-5.043283476375372276e-02,-5.930284807069362563e-01,-6.001775872050423288e-01,-1.239251626079494600e-01
