1.730766272349894552e-01,-6.761293784706638998e-01,3.066190674822789064e-01,1.735233355176990511e-01,5.936973002228234098e-01,-4.094295983325712922e-03,-1.306334926229527904e-01,-1.140341542831236309e-02,3.665921799450258534e-02,7.194659764920226241e-02,1.350356153408565837e-02,3.637399990196327204e-02,9.970556383804787814e-02,3.335752763916002145e-02
-9.684236230926941413e-01,-2.492926778723222603e-01,-2.968114760723980766e-03,-1.057691987923293012e-04,-4.185421412655278181e-05,-1.598844266048526967e-05,-2.981651956634046228e-05,-2.548353165402015164e-05,-4.363434339822728949e-05,6.436315198628458098e-05,-9.443471960999687997e-06,4.567730558251767420e-05,-2.081495952171445767e-05,1.179052147359420713e-04
6.479628667118364493e-02,-2.515738009052550517e-01,-1.884396458537764343e-02,-2.028527032234790084e-01,-2.248215767689004108e-01,-1.287490560503965487e-01,2.468118017253188579e-01,7.377679776173708959e-01,4.128764434598574673e-01,4.137956980343340113e-02,1.792156986724576656e-02,9.658234189582366735e-02,1.530923731342755667e-01,-1.157721993435363722e-01
2.820315053962648214e-02,-1.000113179561469834e-01,-8.051837583644916307e-01,-1.093618464017135639e-01,2.605728234676727428e-01,-1.731070855091683958e-01,-3.090236645130030602e-01,-9.986409791229042265e-02,3.245331088110052775e-01,-1.314895011142626913e-01,-1.644897933993871506e-02,-1.697107752556509946e-02,-4.530471702727204703e-02,-1.914069842663426724e-02
5.821389549597286162e-02,-2.209619731906017071e-01,-4.086838714425508612e-01,2.117541166742993586e-02,-1.317661568330543154e-01,1.792803701918940507e-01,-4.243532342319914115e-03,1.891915876587920153e-01,-5.659787988131121939e-01,5.509196722156178838e-01,-2.455861555527988349e-02,2.730749772823152718e-02,1.628556201110737123e-01,2.080517828241413292e-01
8.572714014586921283e-02,-3.315773943296160819e-01,-1.205981380810148690e-01,-6.346703399320542671e-02,-2.014437437244895324e-01,-4.446627248609592575e-01,6.105943289330734158e-01,-4.746435564015779596e-01,-7.594749608145168196e-02,-3.361433023247077656e-02,1.337310644491174899e-02,-1.851872467915226597e-02,1.015179752432999322e-01,-9.996611912622259399e-02
6.543543136765510304e-02,-2.538843375323396323e-01,-2.962310756281865895e-02,5.793618644983457647e-03,-3.572316191527329376e-01,6.818932150124764613e-01,-1.726460375531281913e-02,-3.458281773735818465e-01,4.251621848771051093e-01,8.880204965319178634e-02,2.839106921356037913e-02,-7.037177615894356364e-02,1.501901075981192657e-01,-2.996458177768134348e-02
5.613303434543141096e-02,-2.195971345788077789e-01,1.369721746925922357e-01,2.531974268854959575e-01,-5.585511316523141812e-01,-4.144648270041719762e-01,-6.080376004500559484e-01,-4.630676701800559569e-02,-1.688278182835785748e-02,-4.410285971062075788e-02,9.475929726649885351e-03,7.235034124057466119e-03,8.078461854380447615e-02,3.525597091560253582e-02
3.399936777880474548e-02,-1.337612034864269495e-01,1.813048327569343199e-01,-9.169473034697182001e-01,-2.787055820832054845e-02,-4.349553685043521401e-04,-2.474415934951777196e-01,-1.130044932807810210e-01,-1.684646550224421502e-01,-4.060467037180044703e-02,4.072927601657745818e-03,-1.132825619833105653e-02,-1.906425603954122611e-02,4.445700826640468922e-02
1.728031197017209665e-04,-6.888478919153806631e-04,3.928677139923337364e-02,-1.310919424812577103e-02,-3.929923899415785349e-02,-7.338522149901884062e-02,1.214888868449744419e-01,-3.896339850083323925e-02,2.231043573110831624e-01,-1.995964891133590949e-02,1.936795700023510175e-02,2.061700526031831349e-01,-1.716391821482448343e-01,9.233425790274042422e-01
4.485707211177053511e-02,-1.742697728126682555e-01,-6.083640574446353734e-03,2.413661918120767538e-02,-6.989099038830871857e-02,4.170788938253451421e-03,5.727353485812402417e-02,1.382653235610139253e-01,-1.731210142313805572e-02,-6.784922269757995110e-03,4.128818800559695690e-02,-8.245585304712779173e-01,-4.995536004726310875e-01,9.054043502441855296e-02
6.948704592486665624e-03,-2.730033366593041452e-02,2.893996633932937809e-02,-2.066948713309775705e-03,-1.901867673281969207e-02,1.397609188809092670e-03,1.265672374386859513e-02,-4.731400934679435601e-03,3.525044820269015305e-02,4.521818451364582360e-03,-9.975215067005797076e-01,-2.504658871835329509e-02,-2.824595716950790633e-02,9.000455378664862574e-03
-4.762939148229247688e-02,1.836129420454125916e-01,1.322124171305963936e-01,-6.960300309508231364e-02,7.809026362601707849e-02,-2.504022626343326285e-01,-6.157085293139383936e-02,-1.695186903324326089e-01,3.508402973241687706e-01,8.095932785891997163e-01,1.725910098630481504e-02,1.434419321261322898e-02,-2.096072700912659237e-01,-1.318979056068892430e-01
-5.958599036299008084e-02,2.307404481883059133e-01,5.766356581374245532e-02,-4.202151487090446252e-02,1.337128632744835066e-01,-1.367800885802486766e-01,-2.129916947356987403e-02,-2.469196337822986836e-02,1.137205236140652331e-01,6.159354645983471793e-02,-1.022920603880610353e-02,-5.095128172819600731e-01,7.579892060400607035e-01,2.224510825134228542e-01
