-5.227741837925330426e-01,4.603656582209605386e-01,8.082636112652234750e-02,-6.522028572903155741e-01,-1.381768748788215762e-01,1.181362682502161698e-01,1.949137000988474255e-01,5.191981056691855057e-02,-2.699904253321255485e-02,-1.425669095971224092e-02,3.215198929403447620e-02,-6.794390499786966131e-03,8.396580226752373144e-02,8.410130432804897860e-03
6.608583871335795834e-01,7.505102880089864481e-01,-7.009992389442488286e-04,-2.177038553641346305e-05,-5.640765758259636372e-05,1.001200270389935013e-05,2.247595365355264913e-05,2.163537186968959823e-05,-2.673032097467107346e-05,9.138811525791263292e-06,-3.222082841327435264e-05,3.332544691564429340e-05,-1.193362155884642905e-05,2.301001522336004976e-05
-1.949629241121536016e-01,1.719227211041171599e-01,2.489181875419398948e-01,1.568543610424801005e-01,2.972342040784459738e-01,1.899449844055117742e-01,-5.023804830613736172e-01,-2.455835531204238475e-01,-5.106739011911565207e-01,-4.497011067011407598e-02,4.946188588452140461e-02,1.763139480573442108e-01,1.560024097249984310e-01,2.967554524110410097e-01
-8.019584812599996060e-02,7.004583764230030984e-02,-6.089857761396918479e-01,-1.781736124669805466e-02,-1.714590266180449907e-01,-4.207675396842014970e-01,3.653053178480855645e-02,-4.938233725738557234e-01,-3.816492872160269223e-01,3.195088583182748715e-02,2.314923975347207147e-02,-1.247783191072052295e-01,-3.729557119934500536e-02,-4.084159602782221066e-02
-1.726270741884694537e-01,1.517425288128430028e-01,-2.635682153270475503e-01,1.130002743818323691e-01,5.891803822533768498e-02,-2.730166788100528152e-01,-7.380002588916290129e-02,8.143087241910389185e-02,3.673569230090381055e-01,1.659354709447971241e-02,-2.098976540150032308e-02,7.749222673674921458e-01,-1.283284120473164851e-03,1.966640966350896302e-01
-2.573388548738868575e-01,2.263799946508147642e-01,-2.289618830782949310e-01,5.641553800342318237e-01,-1.988669084311124324e-01,5.899155322576109528e-01,2.965307675028828194e-01,-1.472417538024811956e-01,1.042687541254391365e-01,1.091957987019553759e-02,-5.273767954617826145e-03,-3.965992547120492789e-02,4.077021823000637896e-02,-2.051387679843886744e-02
-1.969337945868822326e-01,1.731878504875228597e-01,-2.244364246409778219e-01,2.563332174006997533e-01,-9.790276924939987635e-02,-1.877534449645869297e-01,-2.130046893013520237e-01,7.727757117652068741e-01,-2.819220888806573400e-01,6.964818668238391061e-03,-4.736314775601298613e-03,-1.996610181831827147e-01,5.462459630086630158e-02,-7.318224501536736704e-02
-1.697972101956723712e-01,1.498255071412239181e-01,2.872722853999714054e-01,2.865398167052328193e-01,4.898026304275436282e-01,-4.264212905776864071e-01,5.640020439661048712e-01,-2.684039646830366915e-02,-4.079358303363136290e-02,-2.111578096457604817e-02,7.692542400033838823e-02,-1.336751122468657349e-01,1.215515638173102209e-01,5.346975041884317187e-02
-1.033729438727063743e-01,9.148280197563095351e-02,5.229083856144501885e-01,2.502551030009767530e-01,-6.956481296730534503e-01,-3.447726458980178155e-01,-1.127146114402693411e-01,-1.541293799116920382e-01,6.971669711728366303e-02,-1.709980907196101060e-02,4.508843907816219992e-03,-2.312212968079059312e-04,8.365907740911282531e-03,1.964675944869355081e-02
-4.743926248073843457e-04,5.126149601393335939e-04,6.733519090844412858e-02,2.793191577786462154e-02,5.025786466480002684e-02,1.119268180513172291e-02,-5.341905770125827957e-02,-6.226323902191777809e-02,-9.898026223338492191e-02,-2.902401390514885299e-02,1.926360721732944814e-01,2.881928645852125936e-01,3.733439711662940863e-01,-8.456446455672479434e-01
-1.351375568158228457e-01,1.190894251706577645e-01,6.729509672903187523e-02,5.914931886851269860e-02,1.212845409475899333e-01,5.588011022987109111e-03,-1.143497117340109143e-01,-2.636379303224448134e-02,2.636154121643723147e-02,-7.926135325686430033e-02,4.912502497292132730e-01,1.502839660352880838e-03,-7.974954327547645327e-01,-2.161270021566489008e-01
-2.110948026108508055e-02,1.863463233436355934e-02,5.436647474831202836e-02,3.006722994725167988e-03,2.706120666137952144e-02,7.221151714896978727e-03,-3.252982514307243417e-02,-8.237099180438725923e-03,3.081392817108827287e-03,9.921659938390877675e-01,9.727690514987168136e-02,-8.843767967322634094e-03,-1.480900481761337865e-02,-1.298936691555054555e-02
1.429482142450209936e-01,-1.258419095947497790e-01,1.279009789917804618e-01,-2.729851737942354598e-02,-1.706979818524234915e-01,1.021822289705247161e-01,4.276433625978490749e-01,1.547305537719351476e-01,-5.778321268428919799e-01,4.463036816298240200e-02,-2.646899415968864688e-01,4.467015670574512320e-01,-3.073980030323584800e-01,-1.574577878327476643e-02
1.790694617202859829e-01,-1.577448033812325623e-01,-6.358957376426978281e-02,-5.654948224533665191e-02,-1.990417132678986845e-01,6.145286736619188367e-02,1.971565502499002254e-01,1.207504822954496015e-01,-1.288715398948772628e-01,-4.541168042536759125e-02,7.947302632853793236e-01,1.039647466704149148e-01,2.786252543484141753e-01,3.166335380782506204e-01
