5.609164098433255807e-01,4.113370875802104809e-01,-4.248325614508817738e-01,-5.496824537991302773e-01,9.223450479007672120e-02,-6.066812416931697052e-03,6.823447658925743675e-02,7.185333096677203046e-02,-1.177583756119073011e-01,-8.974234105734746683e-03,-7.332846864828494694e-04,-8.087930592749007983e-03,8.477526041308559857e-03,3.305795717756990215e-02
5.955059750456920264e-01,-8.033065663079707042e-01,8.436373333908802133e-03,3.981141378256652859e-05,4.266862399593179972e-06,3.084325522419114924e-05,-5.214684724395106104e-05,-2.929250023560404505e-05,-1.074155877893444468e-04,5.970059492367402572e-05,7.965027086730137502e-06,-2.138693813765784043e-05,-6.843302122886453069e-06,-3.820853807853769358e-06
2.085951864797071509e-01,1.552561179276956416e-01,5.625382608457235589e-02,3.568186279435808794e-01,1.017977660767319104e-01,-7.420215023194165482e-02,-1.570098722557456694e-01,-2.144080166063543069e-01,-3.714128068688474227e-01,-7.412476637001552682e-01,-1.408728348710629880e-02,-9.392869135816864223e-02,-2.353783879563785611e-02,1.357838924928829738e-01
8.639647260418843733e-02,6.200743129236146317e-02,-1.957362650606641885e-01,4.588708159570013545e-01,-4.503901565836659210e-02,2.944364020355260125e-01,3.862587712731425649e-01,6.691968346485362984e-01,-2.217821601077985816e-01,4.317834920287201561e-02,-5.451807202350992219e-03,3.793435163590575671e-02,2.670406603759565081e-02,2.899183270232267781e-02
1.861705582957899341e-01,1.331241498994532035e-01,-4.623567613303858348e-01,4.915119312780834582e-01,1.523350533847092798e-02,4.264085951469659928e-03,3.166524220544351953e-02,-3.679189664751872924e-01,5.389258745460162592e-01,1.012481177924118292e-01,3.216864270157342078e-03,4.825154680517846489e-02,2.292137332575074349e-01,8.582535765280537368e-03
2.744521683980691296e-01,2.071939796931388522e-01,3.595369546513495496e-01,1.931838370597216137e-01,4.097752969718847921e-02,-7.427669708771080792e-01,2.756800702662329794e-01,1.172154579690425774e-01,9.376741136381649966e-02,1.769395385927578501e-01,3.097858066217401909e-02,1.917731776936239729e-03,-1.686888390198010013e-01,-5.019708525935126509e-02
2.100580479262461608e-01,1.579363103562611004e-01,2.119497833852487245e-01,8.336430907063724360e-02,1.189775649314910727e-01,1.169703253982056629e-01,-7.120993012516153575e-01,4.436617713656410555e-01,3.564879453208952831e-01,4.294305303860547832e-03,3.921446557541780065e-02,7.757034039829405203e-02,-7.328135987631483050e-02,8.528384097424492050e-02
1.804022657613174041e-01,1.386854630520739096e-01,4.756050159298368940e-01,-6.240031206214567694e-02,3.551709542781014139e-01,5.158295762979764332e-01,4.097403944298194656e-01,-1.797480966312219597e-01,2.976773578848125323e-01,-8.873984031424543562e-02,7.767604780176876229e-03,-5.633195455526523315e-02,-1.611950820797550255e-01,5.090931192995943591e-04
1.100186849496579411e-01,8.304722116748268490e-02,1.494310914786381450e-01,-1.201395006020091610e-01,-8.568237122952607754e-01,7.457824873748764016e-02,1.280537408614970396e-01,5.564592920314002933e-02,2.912397532078921381e-01,-3.142128755106086690e-01,-3.563640618158871870e-02,1.411238576896963956e-02,3.370266160028849672e-04,-3.650580948292347916e-03
1.630694541948916377e-04,1.897408711932177007e-03,1.691298057674488486e-01,-6.097306342559897369e-02,-1.664719384408652747e-02,-4.128845454027831735e-02,6.379827192899653610e-02,1.498562530308758523e-02,-1.444073625910738054e-02,1.369026312538372259e-01,-1.038155602874201106e-03,-2.082960126773762688e-01,4.743890722571396656e-01,8.209829168310277536e-01
1.437330680615176992e-01,1.094948946354105251e-01,2.774787863606634764e-01,2.245655088848155442e-02,-4.015521175617843552e-02,7.989900331686383694e-02,-3.622753898425984387e-02,-1.173975728059366702e-01,-2.404821649281884133e-01,1.021620753926210518e-01,3.815357228767427000e-02,6.887320405435088944e-01,5.312753104716287922e-01,-2.010777153962280128e-01
2.244102726905376766e-02,1.698845016564059021e-02,3.410494740615215015e-02,1.183172296809294199e-02,3.247133931318956640e-02,-1.044159567045749304e-02,-2.732903964008093212e-02,9.697207792725910311e-03,1.659589857799244556e-03,3.868865635248179558e-02,-9.965296553128961676e-01,4.607770019872293663e-03,2.568434619243108522e-02,-2.546549107636887979e-02
-1.526905880773854196e-01,-1.135027767678560423e-01,-1.963160573465585687e-02,-1.861153761236485071e-01,2.678187720779038883e-01,-1.981155956137090612e-01,1.360807071019906611e-01,3.068693174184812800e-01,2.963705642772209159e-01,-4.195479091225700619e-01,7.490569567484416970e-03,-1.903476695380919848e-01,5.495634160180616901e-01,-3.208593126418473052e-01
-1.911411367839205011e-01,-1.437393338369759022e-01,-1.852780046403823544e-01,-1.295585786795998839e-01,1.675424902936671900e-01,-1.525514866890199939e-01,1.687485432648029582e-01,1.068965830798127709e-01,2.310199073068417708e-01,-3.061512655165554153e-01,-3.672831279757619860e-02,6.511213064441193632e-01,-2.762859524951213341e-01,3.894928314995017571e-01
