-5.226797353134247093e-01,4.604457173713778495e-01,5.612313341869974714e-02,-6.330023074185566756e-01,-2.064301649108714332e-01,1.875148744044888294e-01,-1.090191452606010386e-01,-9.497666650168794245e-02,-6.764632084604559059e-02,1.065556418843755133e-02,2.452963913975230587e-02,-7.951612108864297701e-02,2.510050364608665263e-02,5.367332581334353751e-03
6.610033321830054431e-01,7.503825413148064172e-01,-7.927591137996631374e-04,-1.515922257141737494e-05,-5.650620560208461025e-05,8.587488981900249585e-06,-1.016756600887151242e-05,-2.326645403944303694e-05,-3.071803761029458484e-05,-1.017463635966381404e-05,-3.456183085820356397e-05,1.252228036394638522e-05,2.537416894311301006e-05,2.970490060313496426e-05
-1.949116615124754925e-01,1.719931039157822084e-01,2.646986623680839257e-01,1.399933674234938863e-01,3.664935816272733016e-01,1.504823464831758426e-02,6.086997816865304944e-01,1.883137486892994539e-01,-4.080090465067716110e-01,4.749754164068480805e-02,6.140854895771990368e-02,-1.510249361387487610e-01,2.939819573944358888e-01,1.432147818164181130e-01
-8.022406004398403845e-02,7.004185537546725460e-02,-5.947163301108212563e-01,-3.430878237612899201e-02,-1.341745420781275955e-01,-3.781600157337505763e-01,-4.513579141372208586e-02,5.074356011644227671e-01,-4.213491175611615569e-01,-2.433262227069406258e-02,4.298375343555674299e-02,2.968138708392471792e-02,-8.445145925220712280e-02,-1.589651108079216113e-01
-1.726168273378802243e-01,1.517661137025395901e-01,-2.584208696603925159e-01,1.096798682405068504e-01,8.270482830755199188e-02,-2.885401986986444456e-01,-1.215816942078073171e-01,1.778108069938872868e-02,3.423146156106530169e-01,-2.421192882526351439e-02,-3.921879108633322120e-02,3.710542398811462333e-02,2.673670446566189240e-01,7.556454671338478368e-01
-2.573148714449157715e-01,2.264062276136068197e-01,-2.392989539995303006e-01,6.112519967975592605e-01,-1.954472578327360877e-01,6.263871602722914655e-01,-1.024158443276154129e-01,9.082882430817246222e-02,6.016501624385524674e-03,-1.301434102543688395e-02,-9.007412784202693465e-03,-2.720156658921096121e-02,2.736209186075164689e-03,-3.609406459941041229e-02
-1.969144183323119635e-01,1.732230254598459140e-01,-2.160408604859154480e-01,2.708946348944422655e-01,-4.757995174277100670e-02,-3.780779263378645227e-01,1.804636902025508471e-01,-7.524688554796982176e-01,-1.353245006568672137e-01,-3.082402901358021353e-03,-8.282759227512104640e-04,-6.038005421092812464e-02,-1.084186228314316797e-01,-1.829054129873308732e-01
-1.697483824663532370e-01,1.498835572704904640e-01,2.969219441444929664e-01,2.111606945062917684e-01,4.662749276908097484e-01,-2.030950826275376431e-01,-6.886355431729970222e-01,5.125527459826011156e-02,-1.530940672077366893e-01,2.561368603150614848e-02,1.009084311190784344e-01,-1.310508271869855190e-01,3.060306875528118545e-02,-1.675582224015177979e-01
-1.033187888250299141e-01,9.154119841382661604e-02,5.295334547375000200e-01,2.670656069707779690e-01,-6.652986126036114500e-01,-3.692630411065074281e-01,2.153511195335865852e-02,2.130447985260563448e-01,5.972916508490529880e-02,1.998074325286930061e-02,1.215499731858381109e-02,-1.117737376712906253e-02,1.207244785126453460e-02,1.099621097784975925e-03
-4.684494499414610020e-04,5.132875087028614851e-04,6.603579752695144800e-02,2.094043523787097669e-02,4.732470894199866662e-02,3.562242144917337344e-02,5.078166176523487424e-02,4.551198151213399490e-02,-8.211687320208385654e-02,3.335062595151149639e-02,2.202078103297074874e-01,-3.627713920881626697e-01,-8.056075171826672099e-01,3.874120630328125037e-01
-1.351105546053460449e-01,1.191334826978205919e-01,8.000243118352218241e-02,3.979330048067371978e-02,1.332374682846185210e-01,-1.015444135645496120e-02,9.147894446822482650e-02,2.753572060934867879e-02,6.304265428917021907e-02,8.906524199837816125e-02,4.516905397263648037e-01,8.162167660751126208e-01,-2.245999559409666835e-01,-4.690954234936189102e-04
-2.110176870532562421e-02,1.864245083194271402e-02,5.505668511825934780e-02,2.496325174694440964e-03,2.864352249431056582e-02,-2.905151275865997060e-03,3.166123801290178508e-02,8.867224180700159636e-03,8.949267416969535621e-03,-9.900729404445361981e-01,1.143468618657564329e-01,1.899841203650486088e-02,-1.732706064436101770e-02,-1.410187682829500654e-02
1.429254721100605419e-01,-1.258665071783253986e-01,1.161337072173471846e-01,-6.487580829644416271e-03,-1.720775374124414447e-01,1.318349913943048790e-01,-2.387465877717357132e-01,-2.184762930435277528e-01,-6.709224028686209262e-01,-5.334658082194630030e-02,-2.897982425123742378e-01,3.170638100245323776e-01,1.452633925037643062e-02,4.009633569609473147e-01
1.790360051298415245e-01,-1.578021023688881419e-01,-8.080822314710882359e-02,-3.882082604585682106e-02,-2.174974166719757795e-01,8.175393061385843874e-02,-1.187084283796477624e-01,-1.568304510320409351e-01,-1.671807849078456032e-01,5.552311608587988390e-02,7.951449204662469628e-01,-2.195965327069325790e-01,3.486017173178104778e-01,9.642508399858178147e-02
