-1.505934349700923658e-01,-6.884730067292806899e-01,2.976689395303935282e-01,5.415235794091367155e-02,-4.465664226506816936e-01,-3.630752352921941539e-01,-1.735548000415768066e-01,2.057233536141764296e-01,8.753949695156154620e-02,2.057725266684007695e-02,-1.183236078256977124e-03,-2.584432581920757463e-03,1.988711391734033444e-03,-2.767489960990436354e-04
9.763187667939912107e-01,-2.162888296353891460e-01,-3.673404341830503479e-03,-1.544930513490305312e-03,1.281208202766292732e-03,-4.327370702095299630e-04,-4.640675920450996052e-04,-1.431837330461805530e-03,-7.421131770192762730e-04,-4.957408439907768369e-04,1.071545744183307019e-04,2.073056893428146095e-05,-1.486621962937004855e-04,4.790722444677603223e-05
-5.396201549393977309e-02,-2.481938710491455591e-01,4.221050283038689233e-01,1.809342940112142750e-01,8.314485918831274747e-01,-8.969732160683888122e-02,5.047029422583164393e-02,1.220453775744854696e-01,8.641249606984316434e-02,1.759764178228097331e-02,-1.415361693062995195e-03,-1.630312563152536620e-03,1.368664626328526708e-03,-5.890900462584121528e-05
-2.395792335938664794e-02,-9.809967767217606105e-02,-2.241924483245036348e-01,-8.444875895031489499e-01,1.890959156497053206e-01,-3.514359834224634049e-01,2.088575717828724532e-01,1.409889866946165415e-01,5.800635255172325450e-02,1.573556222576046049e-02,-5.010256368612665172e-04,-1.916871214590248245e-03,8.733025010145436086e-04,-9.189982536272963423e-06
-4.929245235065960601e-02,-2.169125164614333079e-01,-3.604424229037500593e-01,7.187872667256146875e-02,9.692769132648389185e-02,1.812407040377153888e-01,-1.069004736088582791e-01,1.645183494152788473e-01,1.048964118733275580e-01,-2.642448458652763010e-01,7.764862942482902985e-01,-2.218304885011196104e-01,-3.796014867468500836e-02,-1.695448632578989631e-02
-7.431418676518102007e-02,-3.283932033410742468e-01,-2.895913300257789702e-01,1.585234871524011935e-02,1.235519283767057969e-01,1.051947672292401076e-01,-1.029406920934035907e-01,-2.873500952339221315e-01,-3.716792608800624231e-01,7.327071559687408087e-01,5.421945776599967209e-02,-7.045039140978563708e-02,9.995962409342499730e-03,-3.848764824343774409e-03
-5.611803844903250071e-02,-2.467549091877147549e-01,-1.884942522789032626e-01,-3.741677716135878681e-04,8.903621715567559824e-02,6.912334599507205524e-02,-6.423514163259065601e-02,-2.090742644490519997e-01,-1.931943464052018333e-01,-3.446828166816350847e-01,-1.076398208222042602e-01,5.484754184370056462e-01,-1.768707148186213496e-01,-5.831498143613711438e-01
-4.834500421872758857e-02,-2.130553968828365619e-01,-3.045997756169275261e-01,5.232627140913848063e-02,8.966347599262078361e-02,1.462950526235064774e-01,-9.112770214436864691e-02,6.573978643733485727e-02,2.540432925414690818e-02,-1.719407125120343272e-01,-1.968742750196370850e-01,4.431718276155705571e-01,6.080690296227315300e-02,7.386583246032115690e-01
-3.049869497269503543e-02,-1.357739314771214678e-01,-2.552919452307529993e-02,-3.804858614395989491e-02,-6.070202397510678256e-03,5.149107112019971760e-02,5.604884358357643120e-02,-6.321573303848930792e-01,7.543972135590676364e-01,6.219945747996212526e-02,-1.027909741056895997e-03,-9.135799386718365667e-03,3.398624006107623784e-03,-1.815228991701621324e-03
-5.301186650003774595e-04,-7.254634227448656736e-04,2.941079926242795017e-01,-1.091877141677017604e-01,-2.670260130842328633e-02,-1.794744469045954638e-01,7.343499001937135728e-02,-5.130670796829308600e-01,-3.955725133893822631e-01,-2.623517861035442600e-01,2.301938025222931283e-01,-1.049363956241706891e-01,-4.449526105149301802e-01,3.357578888627474334e-01
-3.709074843566275564e-02,-1.739201927127935199e-01,4.116022858769216586e-01,-4.235359980729871965e-01,-9.521371004579648467e-02,7.769122328905905261e-01,-7.367772541650437039e-03,7.681042650471624211e-02,-2.982890618755070639e-02,8.630593191490586180e-03,-4.513720429046273481e-04,-3.928067555921551887e-05,9.691299479803730445e-05,1.419829820248827311e-05
-7.058348685191702734e-03,-3.085740128436462865e-02,1.275235071920400864e-01,-5.641409226736390087e-02,-2.566001921308264967e-03,-8.336995244577052877e-02,3.027572568213716606e-02,-2.930710644901495798e-01,-2.333236526898046503e-01,-1.994337276808619275e-01,1.592089135958840718e-01,3.980756755197244895e-02,8.744362891170863739e-01,2.030047923319529442e-03
4.434508308333628968e-02,2.035325478916980846e-01,7.678786014165563112e-02,-2.155220692467528509e-01,1.209482243672315438e-01,-9.635121751483534391e-02,-9.345989390306265188e-01,-6.059072534209584276e-02,5.654009718089064024e-02,-2.065427003095315992e-03,-1.308381966107225857e-03,6.435359469703298262e-04,4.824029413814876757e-04,-1.659404987641284685e-04
5.362930296148196024e-02,2.361474035056725096e-01,2.492498775166720193e-01,-2.505783551812601831e-02,-9.184299083112848483e-02,-1.088107709427765385e-01,7.921250006911786934e-02,8.312824964883414047e-02,1.013263114651309638e-01,3.625110774075718800e-01,5.152088616874360705e-01,6.602334762726266293e-01,-2.895381818438541588e-02,3.573541164337848408e-02
