-5.758886575407408115e-01,-3.912004884269694727e-01,-1.386882737466553217e-01,3.072284846921051193e-01,5.004916649979922194e-02,-5.697296532075156739e-01,7.324985336699202376e-02,-2.589298595245060897e-01,4.434470453774860127e-02,1.444658880950883822e-02,5.009416245416616325e-04,-2.582067804330678406e-03,-1.252039885548166193e-03,2.317481473874220956e-05
-5.618910434854081926e-01,8.272110999734523240e-01,-4.609537226007041563e-04,8.267053434369170959e-05,2.438538332558459323e-05,6.475498455344964259e-05,-2.246486100593243817e-05,1.244637493886343487e-04,-1.426938041924380354e-05,-4.453163997208121986e-05,6.643982217443366960e-05,-3.937759956164656579e-05,-5.335437915323442776e-05,-1.539061143339827992e-05
-2.063508999987265502e-01,-1.402543685410535534e-01,-2.888552551614085306e-01,-4.106748566095085873e-01,-7.750221041519231857e-01,1.594067291329443470e-01,2.236993049726461458e-01,-9.719469894160612244e-02,9.518168788102956621e-03,2.738781892673165883e-03,-5.602989405909461484e-04,-2.801406502634196192e-04,-6.136120584282329883e-04,-2.698072878303238862e-05
-9.182719212114434648e-02,-6.187563649611401567e-02,8.528754101603455151e-01,-2.145043754406345260e-01,-2.805962011728521110e-01,-3.077794211404294988e-01,-8.989014690696284227e-02,1.787089321238790052e-01,-2.846812042454755984e-02,-6.168093744803095427e-03,1.331350417892373291e-03,1.239931044612776307e-04,8.886773875610293194e-04,4.535859347213162866e-05
-1.885569026073138643e-01,-1.280701008259222118e-01,1.841604620955035743e-01,2.718082958149214967e-02,1.245482238073156028e-01,3.388254649566097010e-01,1.705965952087358239e-01,-1.270237126327564414e-01,6.998961798594914574e-02,-2.830356308250446262e-01,7.779304515859511993e-01,-2.156003569762791616e-01,3.283317456513406424e-02,9.605160380740629736e-03
-2.840681238499840333e-01,-1.929748316124943186e-01,5.173994686519098329e-02,3.870424629379374398e-02,1.153609329416344642e-01,3.042434962727380010e-01,7.566440770382944214e-02,3.118665514874801592e-01,-2.770891956514245913e-01,7.646166442055158941e-01,5.377528086743546543e-02,-6.794208021999065261e-02,-9.643572488547070415e-03,3.864668250131315323e-03
-2.145011962017996376e-01,-1.457188370224768992e-01,1.050178976375349717e-02,2.893053457700727957e-02,7.723178204893996202e-02,1.973932252359735795e-01,2.991056075968935579e-02,2.604148824143669994e-01,-1.753035998567682163e-01,-3.274834411002975898e-01,-1.142760219165195879e-01,5.264857729696470479e-01,1.794288051171903375e-01,5.981227942826666810e-01
-1.849398448702203324e-01,-1.255548778910290930e-01,1.369851345665829001e-01,2.609585061879259732e-02,1.075148446249770823e-01,2.887888113699909054e-01,1.295902445358138311e-01,-3.281394379393432620e-02,8.065849517093848578e-03,-1.804524005500055817e-01,-2.017768645952923157e-01,4.633918989084975237e-01,-6.719074723374758584e-02,-7.246860159866210793e-01
-1.164901807735114619e-01,-7.923629435900410301e-02,-8.481104270395785349e-02,5.013593455701532281e-03,7.492219941769585542e-03,3.186772667932325637e-02,-7.915478314122637027e-02,4.876180211866322778e-01,8.518836256826979314e-01,4.560601351652540658e-02,-8.684590894373214005e-04,-5.304687047707729031e-03,-3.221305732856295876e-03,4.558515449143733995e-04
-2.019648000907434907e-03,-1.603588855009517589e-03,-2.661291935886079263e-01,-2.165018832449158541e-03,-8.441659312628851941e-02,-2.449103495398382846e-01,-2.159251207143222662e-01,5.389472084252079354e-01,-3.328798072342484815e-01,-2.096013514209472406e-01,2.301357202866492480e-01,-9.810034277353206489e-02,4.370064170006412452e-01,-3.415647738308049686e-01
-1.417526578696676476e-01,-9.626080399835525159e-02,-1.140914422080445551e-01,-8.259441641467961670e-01,4.849352722654915460e-01,-1.396020866772192670e-01,-1.137985527704069022e-01,-8.823743873234317359e-02,5.823356314598277135e-03,4.233325269521099471e-03,2.035484449610377793e-04,-7.216661768487717772e-04,-3.309876387456060299e-04,2.683519937483707418e-05
-2.689958967864230707e-02,-1.846727521412970530e-02,-1.350831583140388037e-01,2.448554694840730447e-03,-3.384756515406401461e-02,-1.017382550488696580e-01,-1.075072175429275245e-01,3.110812701930854574e-01,-1.968580382259868533e-01,-1.661166434331653452e-01,1.507097001088426869e-01,3.626377563317496194e-02,-8.777376176905070659e-01,7.523361421928440214e-03
1.695542247380307233e-01,1.151820025334758246e-01,7.323619329704089947e-04,-6.457742652594991584e-02,1.394242170162629801e-01,-2.711061867242971490e-01,8.946056922079211882e-01,2.454493384271894396e-01,-1.349093951105817882e-02,-1.120525715164688574e-02,-6.235226628722131178e-04,1.702639491354688856e-03,6.610469589910946374e-04,-6.146111511589747291e-05
2.049775306303700251e-01,1.392472989787854054e-01,-7.198402691657322661e-02,-2.828561199228701861e-02,-9.395590788258337267e-02,-2.473963744336479531e-01,-7.924564650593528270e-02,-1.274557844339045953e-01,9.578860382144122054e-02,3.484804740120800437e-01,5.123281465173592508e-01,6.678352926076577267e-01,2.661010080647360082e-02,-1.577323301050989612e-02
