-5.237926243109493063e-01,-4.591684904404051970e-01,3.066323561579292201e-01,-4.465961175146412332e-01,-3.512636360799514801e-01,-2.612033843410712097e-01,-2.078691498018903419e-02,-5.489991631173244541e-02,-7.538136259898045588e-02,1.060762085205776140e-01,1.517537880057961280e-02,1.666484624720918420e-02,-9.396193217275243537e-02,-1.810428525556859094e-03
-6.594722054102932773e-01,7.517285039356877974e-01,-8.162859077495193596e-04,-1.161653194912104422e-06,1.181644225914747452e-05,4.012565202912142785e-06,-5.492237109074269913e-06,7.484135184013554639e-07,7.702380170679522020e-06,-3.568007555505690485e-06,-4.574139442639437556e-06,7.328143066646756590e-07,7.587230357560529000e-06,-5.718762838697996305e-07
-1.953038785175778835e-01,-1.713863159467374775e-01,-4.608319426924146339e-02,7.044937291226927023e-02,1.790917632801631298e-01,4.606118632264855073e-01,-3.759906220105176944e-01,3.304030139247247644e-01,-6.123486432369551480e-01,4.969614536868480897e-02,2.740898707217041472e-02,1.586596832738252361e-01,-4.195491446527679219e-02,1.596846043847091057e-01
-8.007721564086016375e-02,-7.112386853724908531e-02,-8.091020848977946711e-01,-4.931640753537947647e-02,-1.243009566825158396e-01,-2.640282920033964476e-01,-1.732418526024899763e-01,-3.875815987272078211e-01,-2.440068317717274948e-01,-4.403314196169133554e-02,-3.845354179423586538e-02,3.593246222777816273e-02,-1.584830672579102618e-03,-4.250013055324217831e-02
-1.729498501027344759e-01,-1.519926587482469393e-01,-2.416654124225544598e-01,2.388472302115788107e-02,1.979598446464349293e-01,1.989269761119481228e-01,-2.282616471671164438e-01,1.188212264057905004e-01,5.224661757421530384e-01,5.137732627244906425e-01,-1.335682354799828768e-02,2.438950917966753451e-02,-3.384340687970997519e-01,-3.013092797301633596e-01
-2.578491877903394403e-01,-2.260847469646612984e-01,1.045400138995282169e-01,7.905085758642752536e-01,-3.261620706180123341e-01,1.596853906291655079e-01,5.640735445115981767e-02,-2.934785526298996361e-01,6.817055180493913902e-02,-9.281703005639609094e-02,2.301928442032896704e-02,-1.278604043075980308e-02,-9.831953056710000804e-02,4.185886008581751055e-02
-1.970850924363568291e-01,-1.732806440817665494e-01,-3.572668093076375451e-01,-4.866292423155789415e-03,1.476701930251464630e-02,1.326661347257467038e-01,7.887189827400760134e-01,3.853354188164808125e-01,-4.165516841624893746e-02,-1.017104556144297726e-02,-2.094796062126682082e-02,-9.079421157699103795e-02,-1.975590767415066548e-02,6.463233692194274294e-02
-1.700366075806276911e-01,-1.490516788701688466e-01,1.119826834158957479e-01,3.251703809344609897e-01,6.345904676807193612e-01,-6.307968846965793519e-01,2.829537926832905587e-02,7.830659707622529553e-02,-1.320091877917590195e-01,7.155618646290866358e-02,-1.693179302303364497e-02,9.825667739213332641e-03,1.105310721289459036e-02,9.022274005099146415e-04
-1.034119436400819658e-01,-9.060012413537620046e-02,1.170627171261634514e-01,-2.272971982386204348e-01,4.904536723114675811e-01,3.809956577212083584e-01,2.536695118811509997e-01,-6.747437834582089566e-01,-5.154825229314052848e-02,-2.795614512254923634e-02,-1.824181991448360282e-02,4.323416510024713499e-03,-6.622871111497088958e-02,4.715436808194455043e-02
-5.110924565302899089e-04,-3.484759237813598383e-04,9.125685463573968148e-02,4.655266132212861063e-02,-3.509242993591746990e-02,6.482484172711137915e-02,1.191283232413184179e-01,-1.152637237239611569e-02,-2.618156958314331040e-01,-2.067986802011345313e-02,6.164335320628237108e-02,1.248052698154863277e-01,2.486875369412429315e-01,-9.052898073154672653e-01
-1.352736164670518826e-01,-1.187324916026944455e-01,-4.828123075750094528e-02,1.052287763579143158e-02,5.916685231174851484e-02,1.121445912920639165e-01,-1.656327321987896006e-01,-4.013022523436167444e-03,6.728110312925873748e-02,1.296926707581012028e-01,1.720682371451640047e-02,-7.370958700952842113e-01,5.968626215941238433e-01,2.088259080858669361e-02
-2.111985412982130689e-02,-1.848959488380293170e-02,4.163382793699584722e-02,1.287137177562589635e-02,-1.718756944430435002e-02,3.169238540661146325e-02,-2.671133154118805059e-02,2.450997430006725264e-02,1.032021140032250706e-03,-4.000405361194810799e-02,-9.940193811784419076e-01,2.159953340337737379e-02,4.871913284274801553e-02,-4.672228177042941910e-02
1.429566565698329739e-01,1.254868357401494328e-01,6.192235319762573464e-02,8.523038706379149065e-02,-1.636975796095197777e-01,-4.452019345665869654e-02,1.964042826371553141e-01,-1.562277263865707588e-01,-2.054715731876785856e-01,8.046837450270776237e-01,-3.210398025929533938e-02,2.395137616932478120e-01,2.773072302925067567e-01,1.895411757598047808e-01
1.793125740040993066e-01,1.574271086023891486e-01,9.881944551721918990e-02,2.347660597982557246e-02,-9.070301836312771870e-02,-6.632774710818659103e-02,6.899758889610513313e-02,-4.796793522792112963e-02,-3.808893375383652358e-01,1.984738353376989672e-01,-5.071536326696325647e-02,-5.894243220898969238e-01,-6.024467084221226676e-01,-1.251223720387717453e-01
