3.260378453438566582e-01,2.860287236877242512e-01,-1.321868520807983061e-01,-8.576063327023100147e-01,1.751148210176538544e-01,-1.501995055904641052e-01,1.491580237657052707e-02,7.967577630814777143e-03,-7.299889922285700272e-02,8.428678039650708276e-03,3.730889269141005743e-03,-2.235308211792817420e-04
6.594974129538810903e-01,-7.517068313621193543e-01,4.414215961268965448e-05,6.376534243750062580e-06,-8.699335589011811143e-07,-3.445032580216736746e-07,3.627009953285337937e-07,5.963218510323267741e-07,-3.271789165305235561e-07,1.649751354358604104e-08,3.053848820091896325e-09,-2.091618237879604264e-09
4.441247057526583886e-01,3.896441269934050045e-01,-8.742104456123289680e-02,4.048650803401375176e-01,2.313483370901742511e-02,-5.066096326352519386e-01,3.773106215858013784e-02,3.134488684561229643e-01,7.248399328838603384e-02,2.666363161231981582e-01,-1.963496485927501700e-01,8.722455093819278527e-02
5.415355478646053516e-02,4.751318464030197114e-02,3.061822740561993828e-02,5.825555654335666522e-02,-9.695633011177892321e-03,-3.498225677130799988e-02,2.613345218619519614e-02,6.813186312245025911e-02,-1.674925077312565125e-01,3.108033651541708964e-01,9.232100344289312366e-01,8.286611289465317665e-02
4.591095938319561531e-01,4.027994863079557564e-01,1.085993936056346282e-01,2.074905600156403684e-01,1.268237991148751798e-01,6.027517361030876319e-01,7.797893097344006305e-03,-4.386421381598030744e-01,1.249483714770177785e-02,5.551637424354113372e-03,-7.957320492677420060e-03,3.587395462163032404e-03
7.312120852393071135e-02,6.420394385592062547e-02,9.036413835293682917e-01,-1.367361080428601827e-01,-3.216006565833692266e-01,-1.766540541157205768e-01,1.416890767107449427e-02,-3.719292630987471732e-02,1.366229514287833069e-01,-1.877446147260828160e-02,-5.509078666846597624e-03,-5.090353226713910384e-04
1.040474369988948489e-01,9.126446943220879737e-02,-3.436632432940596171e-01,-7.152665781136337275e-02,-9.149747910255932037e-01,5.317232824640832911e-02,5.912011538307332392e-02,-1.171362648733794143e-01,-1.967069196754057947e-02,3.824889645847768214e-03,-4.280013324301017944e-04,6.584230428456712327e-04
-5.431227471476066104e-02,-4.765918487562367800e-02,-1.347282695435304545e-01,-8.209806394182041223e-02,4.161835927844072247e-02,-2.472860209844045948e-02,-8.807975422495810391e-02,-1.691015904950019522e-01,9.271691701784320339e-01,2.397103787256597285e-01,1.182169868875361657e-01,-1.053592875149302055e-02
1.231925770912462442e-01,1.080776476139691522e-01,-7.025900296420005409e-02,1.012707302466413078e-01,2.024495471586710421e-02,-1.578825074387143201e-01,-1.479613821070909982e-02,4.005725249864286464e-02,2.008227884885532277e-01,-8.474534186465874086e-01,2.681390275187389705e-01,3.168356704573040972e-01
8.967519145847767381e-02,7.867411023930032110e-02,-2.793205432076542594e-02,7.883854464511452775e-02,7.711550509214387845e-03,-1.012588460498568682e-01,1.487996048861568981e-03,4.754994190626816303e-02,4.890383067517551502e-02,-2.359333134917897812e-01,1.520763763881628206e-01,-9.407516453829285474e-01
3.177873433950166582e-02,2.788331968022753765e-02,4.862452038444032426e-02,-7.257399271014811082e-02,-3.266153035950503797e-02,4.489138713190111152e-01,5.601480692026382657e-01,6.593612995902808915e-01,1.972992836478135170e-01,-2.275293209858192389e-02,-4.608048320806149012e-03,-1.320798273229992648e-03
6.671703208166027133e-02,5.853472116201114545e-02,3.532900287458409089e-02,-4.310943003473823726e-02,-9.352677414888518892e-02,2.913829369881217879e-01,-8.198592153329298249e-01,4.715028932611614598e-01,2.938620185971600046e-02,-4.096691131960711850e-03,-1.542012683080771411e-04,-4.715609360040371270e-04
