3.464639887095853910e-01,-2.613248770779801888e-01,1.961251352356046251e-01,8.372841301018414673e-02,-8.435264335927463719e-01,5.322465043548731123e-02,-1.173440087896986672e-01,1.848347030476845121e-01,6.229484409678322232e-02,1.217691537185956871e-03,3.310655135478783595e-03,-4.637746158924435668e-04
-6.016018838987251538e-01,-7.987937000694161904e-01,-1.942824001603145681e-03,-3.843339965652129113e-06,-8.563978300712720597e-05,-7.314532975586268996e-05,-2.355036509918740392e-05,-3.720051963238838399e-05,9.356833859693373077e-05,-1.330662605649603548e-06,5.324238619305295452e-06,-5.566135877718236053e-06
4.719491142383044346e-01,-3.556804785184579654e-01,7.779310416455358090e-02,1.821811938394095887e-01,4.178230486671457578e-01,4.309373167918946756e-01,-9.377624828248347366e-02,6.050994189469421913e-02,3.397581621377495087e-01,-8.228382027023062317e-02,-1.757368607371881108e-01,2.927208354128021939e-01
5.754576016101153879e-02,-4.319219841202376342e-02,-4.937378245765892265e-02,-3.067066574034418760e-03,1.139043413541031974e-02,-4.506426927553692369e-02,3.014896490803419676e-02,-9.553444532551601254e-02,1.457898012462774395e-01,-6.306826071671116363e-02,9.242936617709383018e-01,3.172197608136462788e-01
4.878639591180196078e-01,-3.669718416429834096e-01,-1.964406532235543346e-01,1.851892445547514976e-02,1.383696424080546050e-01,-5.276031892117873934e-01,3.058414508761806982e-01,-1.106814401188150193e-01,-4.284005103260640768e-01,-1.013562565896446339e-02,-3.385984796004324476e-02,-1.765415269933974518e-02
7.774982443898723061e-02,-6.031416061389958949e-02,7.232041004214595503e-01,-6.414832273019794862e-01,9.867958064019367870e-02,-4.681235237895439022e-02,1.322277478599994949e-01,-1.621864280029013394e-01,6.350039660157340282e-03,-1.927694312834176403e-04,1.296383236185470180e-03,5.705574169858691064e-03
1.105353777320188247e-01,-8.188486582966436611e-02,-5.681859866248470947e-01,-7.301424136279776045e-01,-4.816007900422197147e-02,2.092213816114078251e-01,-1.095748637583680574e-01,2.586719360167701320e-01,7.087174817395370044e-03,7.899141515941421462e-04,-5.378769614491982079e-04,-8.461509091928146389e-03
-5.771621617329929926e-02,4.284501688404068753e-02,1.979378469116044592e-01,6.677428596297022012e-02,8.778895855660150127e-02,2.985765367744084853e-01,-1.447524081478089308e-01,4.055532735439890679e-01,-7.574885916430315058e-01,2.822311858320714073e-03,9.553688734819999751e-02,2.932390675511925004e-01
1.309097680343991876e-01,-9.884788735767681411e-02,8.717748822375565032e-02,7.835064515054356027e-02,1.584831266899913715e-01,2.178053207324121276e-01,-6.824998248537474110e-02,1.268883261065822388e-01,-8.277850006290797535e-02,-3.229153481931839598e-01,2.884578700531187367e-01,-8.195753035701400790e-01
9.529258332908560614e-02,-7.186109313806929300e-02,3.035752192143428146e-02,4.285631331509684450e-02,9.328180389009174678e-02,1.048055982210945175e-01,-2.676396230965208053e-02,3.497493397690600719e-02,6.922786688642251079e-03,9.406576442257539306e-01,1.448675634938881851e-01,-2.355853571333538787e-01
3.377668967706089903e-02,-2.564075206744769950e-02,1.053157529138434162e-01,-3.037994733696285782e-02,1.824746798279246740e-01,-5.380046446461335119e-01,-7.600467350412670742e-01,2.670142567340492712e-01,1.200902917592532176e-01,1.823449142806441358e-03,6.259145560078218859e-03,3.082017023050884815e-03
7.089414050472571394e-02,-5.314543804514781228e-02,-9.899954631106261393e-02,-3.848765061852957997e-02,-8.793059375721518078e-02,2.192691191452085242e-01,-4.994986968696647489e-01,-7.710304108565119163e-01,-2.840786348296819308e-01,-4.947368539260524854e-03,-1.665339010454472066e-02,-8.204428162602028785e-03
