5.080948869427670544e-01,4.310678301918873662e-02,4.847239481887146220e-03,-3.511194995061649449e-01,4.421787395630458750e-01,5.360160203498437470e-01,3.003242616256663888e-01,-1.557263610560805367e-01,7.022173234988002277e-02,1.132324699128952200e-01,-3.345403497226726725e-02,-2.281584145915439149e-02
1.938757959253789853e-01,-2.166727601845062634e-01,-4.210735292899062815e-02,-2.502812675802514319e-01,3.308890348638625079e-01,-6.256815551453747126e-01,-1.953526553265664545e-01,-5.420080389813798361e-01,-1.220581463793170146e-01,-5.156587515304313085e-02,-1.251639418031923884e-02,-2.090745965988354341e-02
2.522858957678148495e-01,5.241278692396518224e-01,9.782437790240111619e-02,7.251221156787987510e-02,-1.940311324844134488e-01,-4.101849422681556057e-01,6.065226987286653770e-01,-4.451646345273514715e-02,1.716159473330868546e-01,-1.802860932138101169e-01,6.984914902165710593e-02,-6.502995088410748470e-02
1.162696135355447830e-01,8.594284423542157547e-02,1.568256057925270300e-02,-4.340992911212587096e-02,2.894791251727815012e-02,-1.111462762228831308e-01,1.469042995446503130e-01,2.328018576411919338e-01,-6.575604411885404010e-01,1.419630736526815984e-01,-1.642296785551327909e-01,6.391284299124884161e-01
3.989971956583188706e-01,5.897574418609899949e-01,1.096661485998571967e-01,1.367833080149198416e-03,-1.165469461405822527e-01,4.420509462147720336e-02,-6.744201028136469489e-01,2.551804550197581470e-02,-3.503549723738243887e-02,4.803878141883836245e-02,-5.613053055150531850e-02,-5.693934222358332936e-02
4.649567445352230100e-01,-2.490835575487294895e-01,-2.040522292476135147e-01,8.113605779990952227e-01,1.473085049663707125e-01,-8.043717605655437836e-03,-4.835137448355262407e-04,5.078436038370572753e-03,4.563321347203364541e-03,2.272654154658195792e-03,5.215976118443986596e-04,3.539071764200734781e-03
4.488708361871668329e-01,-4.373138265044838602e-01,-5.639565546224237745e-03,-2.591344573582506916e-01,-7.333550792662905105e-01,3.271194978120522956e-02,1.016750282036058863e-02,-3.032953435254108140e-02,-1.222264445749231959e-02,-4.121872357327319158e-03,-2.843619058183663971e-04,-4.432994019333989268e-03
1.307316047094833622e-01,-1.196398394588573943e-01,-2.287525567124537237e-02,-1.577381345613329267e-01,1.584343381769179882e-01,-3.210194456747441083e-01,-7.185502076439598262e-02,4.891520825708150499e-01,5.910910663906145945e-01,3.661589268726120894e-01,-1.715846655775561946e-01,2.402099624570089853e-01
1.067878253668185506e-01,-7.731915846589069996e-02,-1.524909424911484110e-02,-1.128664721701013451e-01,1.345332527007221946e-01,-1.773649211474783716e-01,7.105188328501399475e-02,4.948936046847610681e-01,-3.978216031409153031e-01,8.242902279021796508e-02,-1.011347762278384382e-01,-7.034460580408075092e-01
8.674555939388949033e-02,-2.613655321723399108e-02,-5.390901403449620093e-03,-7.703649955520107395e-02,8.456153923940304407e-02,-5.086773396929643309e-02,-6.317035255242015035e-02,1.921555200235983418e-01,-5.756749471822376202e-02,6.134235683633103287e-02,9.593383125095791275e-01,8.814242903250475714e-02
1.116935399029757442e-01,-1.000027529225655243e-01,-1.931118655347844118e-02,-1.295656683593343073e-01,1.627690539705134165e-01,2.010684870424116547e-02,-1.142088145787010789e-01,3.210614811870928786e-01,7.725606130063417121e-02,-8.859472671707482316e-01,-6.101901279486999369e-02,1.508219504788080867e-01
4.149422036109157857e-02,-1.924137970143119658e-01,9.661958116395040763e-01,1.453663358144822726e-01,8.103476940442319587e-02,-3.429428025015749445e-03,-5.222674302232877463e-04,2.768660425452020880e-03,1.433477932056560680e-03,7.421622875181107604e-04,1.700072512341194327e-04,6.890124644185435755e-04
