5.681007224551645196e-01,5.246145241444168106e-02,-3.508633232299063209e-02,-1.863274327394188745e-01,4.623158790935356088e-01,3.174596804504145608e-01,-5.572589694307433783e-01,-1.285154463770123330e-02,-1.856534113162972705e-02,6.014101414503677384e-02,-9.492197663327230084e-02,1.921627287030132011e-02
2.357078443298770143e-01,-2.352769720957715027e-01,3.145044032777839088e-02,-3.223110153915777210e-02,-3.374234502161558690e-03,7.007617849349857542e-01,6.238189297030931613e-01,-3.130338402884329935e-02,-1.588357212986914180e-02,-8.079344485996637487e-03,-1.525293470019996843e-02,-7.280072211982950570e-02
2.818262530581262526e-01,-7.846942349961623098e-01,1.281529012589154026e-01,4.907021125975332548e-02,-3.809840652036320385e-01,-1.306746441453902341e-01,-2.444506240129919461e-01,4.647280145725947442e-02,5.432342855690514005e-02,-1.568313895411312386e-01,1.558149001690820323e-01,1.001594566148410054e-01
1.281716180568578944e-01,-5.211188053033941059e-02,3.566194359067105003e-03,-3.142677856419204274e-02,4.879614040397420999e-02,-1.455859051503449186e-01,5.609451344453993821e-02,-1.269116162521958524e-01,-2.770855783727118604e-01,5.959849065119336986e-01,5.884177758118309676e-01,-3.985180683237671273e-01
4.235563790113009430e-01,-1.136424079173853907e-01,1.418488317168918166e-03,-1.115223742998097817e-01,2.065340829668475264e-01,-5.663777725449935518e-01,3.946829972818645671e-01,-1.351897845131812270e-01,-1.115925254418086293e-01,2.288760839327125610e-02,-4.824170764959824220e-01,-1.097821477065782092e-01
4.090372173680546508e-01,2.876679846344054603e-01,-9.491821213094696341e-02,8.335645716556103757e-01,-2.146139868803990935e-01,4.066358924566431179e-03,-4.018899714481613018e-03,-5.491136716330903425e-04,1.216036379757821689e-04,1.543574820378488697e-03,-1.258965790616977829e-03,-4.349537506814535976e-04
3.356860870400676933e-01,4.078140410839877217e-01,-9.267737171651008188e-02,-4.925543956261417278e-01,-6.852423711426017805e-01,1.134022439593504288e-02,-1.015340414407925503e-02,-4.649908049219844035e-04,7.078793884540223293e-04,1.903485165231109293e-03,-2.971905533041616435e-03,1.287898060537119149e-03
1.485497839287375221e-01,1.470347255862340663e-01,-3.326225582628106192e-02,-7.080203782929074541e-02,2.070959199087500369e-01,-1.294164135007599414e-01,1.262162946850180212e-01,-1.190198991529896333e-01,-1.666771408174413938e-01,-7.501292002688555449e-01,5.121700753111306792e-01,-8.756457598311438717e-02
1.223631614127925066e-01,5.194896290944316791e-02,-1.489010767684081048e-02,-4.619782232681476919e-02,1.224483741059946007e-01,-1.033205452330950014e-01,1.998993048457831379e-01,5.899907952884086981e-03,-7.478501058170693161e-02,2.189085213473129787e-01,2.669263176335300858e-01,8.885639706490624512e-01
9.804354123153015410e-02,2.709883389347990737e-02,-9.372447446519884331e-03,-3.470600225584339477e-02,8.628180041988005311e-02,-8.274895833433663916e-02,1.036193696855878393e-01,9.734341580670572425e-01,-5.267454601648681456e-02,-2.394685180334396851e-03,6.683314988601322948e-02,-9.225390271941011355e-02
1.291566133111685666e-01,4.523742672494667633e-02,-1.407806355892038050e-02,-4.781721347220575097e-02,1.227095855029953636e-01,-1.211652646246885873e-01,1.220184713914332086e-01,-2.317870593739931526e-02,9.333131817053451629e-01,7.330310492486043217e-02,2.224235058564095480e-01,-8.777235837038932509e-02
5.584829395882369429e-02,1.853467471162911773e-01,9.808818651083912599e-01,1.823700286393249714e-02,-8.099839456947331706e-03,2.861068849399040176e-04,-6.437036932958343160e-05,5.427568967182677337e-05,9.987897361272457563e-05,-5.526916605219295352e-05,1.429894499711134798e-04,1.037926638602234613e-06
