5.982833925087073235e-01,-2.728992420636936478e-01,1.151532457418251859e-01,1.127897072695819014e-01,1.164754499875070293e-01,6.816936171833681835e-01,-2.483161705016426468e-01,2.227328429590226186e-02,-8.576913968604289035e-03,-3.040125031846939094e-02,1.066211665737035880e-02,7.744660634839779269e-03
2.643210332731816825e-01,-4.042230782802006539e-01,-2.065999567024103811e-01,-4.629491443003142664e-02,-2.880245602339331912e-01,-5.203436806188901365e-01,-6.038001656808356099e-01,3.374792804738963991e-03,4.359833460286128247e-03,1.281970102292978239e-02,-5.301146751297066556e-02,-2.482019365625043328e-02
2.946056844759524229e-01,-4.071003393321870889e-01,-1.897569886935285555e-01,-3.397214177848088823e-02,-2.627424274636513402e-01,-1.029127212059111895e-01,6.842257825412142447e-01,4.024618131154915623e-01,-2.146716701065708860e-03,6.588562056741766731e-03,3.408919865388682861e-03,2.214274264751268581e-02
1.227876437116257324e-01,6.316287372470225092e-02,1.280964627828638513e-01,6.225484335709924322e-02,1.400310863118442162e-01,-1.768915096708292556e-01,-3.735454253734191155e-02,1.393220941919240397e-01,-1.029766997826147140e-01,-8.747142601691502983e-02,9.314880668743057424e-01,5.494076567902787117e-02
4.267938865090827871e-01,-2.425693603182813365e-02,2.321659578231899390e-01,1.307189715921277806e-01,2.515397690190621094e-01,-3.520923946471598565e-01,3.000788114145768182e-01,-6.585875292760511313e-01,-6.921773532879413326e-02,1.250946845140071539e-01,-9.014216420512946581e-02,8.172255929015806442e-02
2.667796903565698985e-01,2.579482854104587775e-01,1.905690118727771387e-01,-9.008133301782068614e-01,-1.202265986530807185e-01,6.335056702086710317e-03,-2.357157156837459385e-04,2.823649717160985236e-03,-3.163951707060537531e-04,6.065748669131252940e-04,5.119494029171209868e-05,2.647181050495023714e-03
1.409655631758168215e-01,3.535565386496596907e-01,4.132411756204030784e-01,3.316329774546543652e-01,-7.574441347827992610e-01,2.285150816326663933e-02,-1.544188588349765495e-04,-1.117628421759201719e-02,-1.676627769986753806e-03,-2.870191768432527263e-04,-1.977089137320427181e-03,1.496246832440887176e-03
1.384842427275615739e-01,1.953532305743321540e-01,2.542828938514549164e-01,1.135874444779398917e-01,2.931633769226443254e-01,-2.034678805784813360e-01,-1.186676239872688082e-01,5.359201747011176353e-01,-1.287220444053505941e-01,3.502847648033065031e-01,-2.515509915916984696e-01,4.836468411988903426e-01
1.171313726753344525e-01,9.892191319102532077e-02,1.564338926627956705e-01,7.028222396397899863e-02,1.755413664838492427e-01,-1.179008262412775954e-01,-7.882938254749258938e-03,2.343747835887591835e-01,-5.921206036654393101e-02,3.117538511473701979e-01,-5.893076205235635995e-02,-8.620934521613662360e-01
9.552309501619349330e-02,5.348069020277550212e-02,1.035580605435996171e-01,4.941953633098108978e-02,1.144098763281689995e-01,-1.010712099323848173e-01,3.419064259287875329e-03,8.634179973829719801e-02,9.678932171028530318e-01,-8.356624699681396151e-02,1.594420770373909321e-02,4.708592997674227246e-03
1.236351580401383599e-01,1.002741405593079033e-01,1.613094745719738377e-01,7.349809721159109022e-02,1.828948967111662660e-01,-1.805550463631408198e-01,9.379373909309025740e-04,1.860996537001975704e-01,-1.661682680847944293e-01,-8.652713028121497008e-01,-2.329377358563604061e-01,-1.094796288473770390e-01
3.739229682172584557e-01,5.825959249400443074e-01,-7.104769866044677862e-01,1.260436209571290933e-01,9.220966882802314468e-03,2.820587672507958010e-03,2.610680858849793464e-04,-2.445049296000181751e-03,-8.600508785296422977e-05,6.366097933119586080e-05,1.465049728622908881e-05,-1.384644021659569028e-04
