5.681667258488103389e-01,5.521754617529811560e-02,-3.569423794955044194e-02,-1.874407255272158290e-01,4.631316524757954078e-01,-2.358880352854089424e-01,5.980058486382444638e-01,7.486145401287698509e-02,6.145117280028805640e-02,2.162022867107813925e-02,-7.733541349713474351e-03,-8.756507151456724078e-03
2.357570445184311303e-01,-2.324688158226899670e-01,3.176374190910094542e-02,-3.234238696260770263e-02,-7.282377378876063369e-04,-7.796921491905949297e-01,-5.233892060491590614e-01,4.330608976453909076e-02,1.423245358432956471e-02,-5.420635409381317077e-02,-3.304830542198726462e-02,-1.888814509842550587e-02
2.821589707082750587e-01,-7.859422295165143790e-01,1.310238822847566986e-01,4.989507151159083831e-02,-3.825124193098063397e-01,1.533923659240974957e-01,2.190805410856988267e-01,-2.009211490029486902e-01,-1.071524189283019901e-01,8.881936866729624180e-02,5.535948144700947315e-02,4.877086685161073631e-02
1.281875743830435677e-01,-5.107660981022149604e-02,3.579916893941396429e-03,-3.135120332520045100e-02,4.953689444482429344e-02,1.558709474497527447e-01,-7.924587964064189194e-02,4.526369659376512367e-01,-7.340330199703605230e-01,-3.208707079090832304e-01,-1.541855179064038628e-01,-2.766188060723135389e-01
4.237322533179625483e-01,-1.146670573853441344e-01,2.042091141533976598e-03,-1.112736591531103547e-01,2.057747767048586918e-01,5.047968530110021890e-01,-4.519138454363914037e-01,1.419940701443852260e-01,4.712201184835552170e-01,-1.311571162613231478e-01,-1.568050248849734429e-01,-9.760368774604040454e-02
4.086447985461870713e-01,2.876842472708475151e-01,-9.616089950599857050e-02,8.338055765253375995e-01,-2.138446261505026480e-01,-3.529709278922735401e-03,4.709060417802601699e-03,1.837085257096963530e-03,8.142822881345740827e-04,-2.715082165353336122e-04,-4.438863616346315271e-04,2.784493462859574859e-04
3.353729919466154619e-01,4.075554034892180377e-01,-9.424723638132417869e-02,-4.918598424782394951e-01,-6.858501752264580809e-01,-9.959893227306634497e-03,1.064202033441791206e-02,2.464625688579271529e-03,1.928978495878636143e-03,9.400268345444064014e-04,-1.819018377773923734e-04,1.129666618204888413e-03
1.487554821316071085e-01,1.402210491821932747e-01,-3.244224645754568287e-02,-6.969849231315664029e-02,2.024237445896089338e-01,8.099513360957293073e-02,-1.670546057326177392e-01,-8.443281123162180712e-01,-3.098348643135832026e-01,-8.521416165752834782e-02,-1.433387554968124644e-01,-2.004035997967191507e-01
1.224583370966993989e-01,4.931622607512988615e-02,-1.459200588239885875e-02,-4.592902490784244590e-02,1.202689756616113909e-01,1.027072644481027835e-01,-2.106912633867574491e-01,1.159656354419746210e-01,-2.496062084624417754e-01,9.125124848561693147e-01,3.565013673879588452e-02,-3.382293951773201329e-02
9.803600369080549271e-02,2.798562930942160437e-02,-9.610625804714192227e-03,-3.486547111207743271e-02,8.705015120550697871e-02,7.318482778401612376e-02,-1.223955652068902944e-01,-1.989328384239228212e-02,-5.915156757142454175e-02,-1.207582878593837922e-01,9.610532304767825940e-01,-1.352140248588382387e-01
1.291671767259944259e-01,4.562002891214476941e-02,-1.426607509544875266e-02,-4.782472881234511169e-02,1.232385574192429722e-01,1.059027972821409425e-01,-1.501208227586502686e-01,-1.911320245767201761e-02,-2.487618729441063437e-01,-1.184109163986982460e-01,4.451809952700560430e-02,9.227966903141144872e-01
5.590488047653433684e-02,1.887450176639777488e-01,9.802254695883870772e-01,1.837650886217809948e-02,-8.376863838035564572e-03,-2.840030932766453168e-04,1.180986971143235082e-04,-4.385350069450776121e-05,-1.069395989115715551e-04,3.682255173076873878e-05,7.552480088341972659e-05,9.201233660339774194e-05
