-6.154772181187658786e-01,5.771933384155284452e-01,-2.189270481257582501e-02,9.932266405137810117e-02,-1.812822575942489856e-01,-4.694522812542159529e-01,-9.919602401379855328e-02,-9.043509664899414269e-02,6.933794569090920290e-02,3.105370720302701518e-02,1.395097408377054746e-02,2.139134512773931823e-02
-2.051015754035264149e-01,-1.981730387620182499e-01,-5.042753361455901834e-02,-1.907052299136923756e-01,4.473154014693253022e-01,-2.797772920952610320e-01,-2.872737046900512570e-01,6.817870262482028654e-01,-4.773275299012269546e-02,-2.182571664259290722e-01,2.031175823849245068e-02,-6.079525930811919415e-02
-2.588112672571353801e-01,5.416427049453121506e-02,-2.991328508990789836e-02,-6.871231590184237459e-02,1.978318720246182161e-01,5.399204568145742344e-01,-7.104770657981586135e-01,-2.389907179081652844e-01,1.095566089916496788e-01,1.338360926548607943e-01,3.361152119480589895e-02,2.960598902509074468e-02
-1.394923623127621581e-01,1.555510490335146878e-01,-1.944823275657795673e-03,3.206956669886650013e-02,-6.497755493189491527e-02,2.393017092541273594e-01,3.592534448664712332e-02,4.547719745423167703e-02,-9.222907552980414980e-01,-1.391574153250423607e-01,4.123926232100533912e-02,-1.370460349246282183e-01
-4.271534741503051347e-01,1.510527394352271791e-01,-4.206083814387033548e-02,-7.146940128723261454e-02,2.385704608402491322e-01,5.123808900907900199e-01,5.904544929187556246e-01,1.637957474590066020e-01,2.651997452121870880e-01,-1.365243410387178280e-01,2.483974909003276374e-02,-5.782369673321731407e-02
-3.771974479502871458e-01,-4.794575260208364109e-01,1.734049099830021340e-02,-5.062090729715219561e-01,-6.082170904552958168e-01,3.052805333811452887e-02,-1.913642615743766642e-03,1.650634182574002573e-02,1.098997424776113063e-02,-5.748384121428376514e-03,2.068166430095004504e-03,1.858429862085350030e-04
-3.314307646765978221e-01,-5.057783877266996964e-01,-9.433542214642125223e-02,7.889161032818505781e-01,-5.475127020746880374e-02,4.771753721954504965e-03,-3.171986349772332094e-03,3.811588835700586726e-03,-2.603485125051466145e-03,1.495807781040052768e-03,5.768546263591197527e-05,-3.181831589195708210e-05
-1.269187843084324252e-01,-2.372669278902349022e-01,-4.392779135844914612e-02,-1.782162806770944130e-01,3.868637024003640512e-01,-2.432843035483241712e-01,9.019470773504327521e-02,-6.398968571681727946e-01,-6.859043915702386918e-02,-4.909483058446544312e-01,1.451165341441144341e-01,2.564737851233525948e-02
-1.073731170107652677e-01,-1.457708318697432948e-01,-3.094222530054521400e-02,-1.233208546952097584e-01,2.636293526905069129e-01,-1.575835024342069624e-01,1.363927146801994228e-01,-1.428718005434069516e-01,-7.870914616981918022e-02,6.606247680771528685e-01,1.287774255658822586e-01,-5.987522565629703752e-01
-9.170998138588576376e-02,-5.440016557239879536e-02,-1.863617067172309086e-02,-6.514943321436779400e-02,1.431524433082460579e-01,-3.732301269138992711e-02,4.059636621684918623e-02,-1.039252334409219297e-01,-8.144930374486704372e-02,7.700797149725623070e-02,-9.672898678299870490e-01,3.860171286370672750e-02
-1.187349931431495864e-01,-9.582184099756033135e-02,-2.683583339519706248e-02,-9.975380437822835289e-02,2.206277095506046504e-01,-6.033503614260051634e-02,1.566183390998397151e-01,1.327460462540297655e-03,-2.056631090281479113e-01,4.605024734503266881e-01,1.504956323749876701e-01,7.824272782914889479e-01
8.915888177011176141e-02,4.744722522627202455e-02,-9.905330215548728834e-01,-5.575140617756055295e-02,-7.423866161112531448e-02,4.215454270483284631e-03,1.313956010179704432e-04,2.148367366857751627e-03,1.183907856587047055e-03,-5.784824157196850848e-04,2.008054708643877630e-04,1.012729436273688454e-04
