-6.328346112378469002e-01,-3.042262451441236637e-01,-3.774404875564029566e-02,3.255372913044988874e-03,6.637254014293186843e-02,4.898324422453996796e-01,-4.928448881537634274e-01,-2.606608556562023740e-02,-3.115124657450774395e-02,-1.151689360946477614e-01,5.713301700953826029e-02,-1.078935223177777437e-02
-2.339463220830183543e-01,1.286774433422753494e-01,-1.358863978193441610e-02,7.929086806036773905e-02,3.962204410861847048e-01,-1.392707970163543085e-01,1.550629770060387991e-01,-8.355748553371366016e-01,1.266117802589565855e-01,4.361668757891168369e-02,-6.542213966505272538e-02,3.754554340941838181e-02
-2.765572760257272722e-01,-6.017473789738139213e-03,-1.645131798256772165e-02,3.931463251348683852e-02,3.765778875056904340e-01,-7.527519284937674859e-01,-3.237194643090993140e-01,3.031443702789844430e-01,-7.640960186394751830e-02,-6.527700225696096703e-02,8.015770567537623681e-02,-1.277818422099558440e-03
-1.338867307994889566e-01,1.636232787632290256e-02,-7.756958058610617657e-03,2.420678555546149427e-02,6.759918459957904580e-02,3.901209076017764232e-02,3.310603731282213413e-01,1.289997614810457598e-02,-7.774775425493439807e-01,-4.357993222601431738e-01,-2.310860268265722828e-01,1.323192178300359179e-01
-4.851311473934649676e-01,-4.490022965410448985e-01,-2.958618225514871372e-02,-6.904539611493826223e-02,-3.339274685023483347e-01,-2.322369104588475064e-01,5.548453422688107706e-01,8.332469265876490949e-02,1.575184662491818932e-01,2.248130863800120727e-01,-3.252057861424437896e-02,2.745222267734928265e-02
-2.491265661705242829e-01,4.618847268212183943e-01,-1.886231636311406223e-01,6.427182607527536229e-01,-5.038635965522174631e-01,-9.581481443008257881e-02,-1.021355767030308753e-01,-3.710011658389827938e-02,1.541047871020052992e-03,-2.784780777560359397e-02,-4.570780102055658177e-03,1.634405283621048754e-02
-2.909813214380311819e-01,5.610486467612890715e-01,6.448640663174611638e-05,-7.295468496729808905e-01,-2.502078247371397612e-01,-4.612155543813814540e-02,-5.321052755517665517e-02,-2.208137417935287367e-02,1.946753556427029738e-03,-1.388886077461093903e-02,-2.351306490901613252e-03,7.959698858786376507e-03
-1.446551421131646586e-01,2.308125221157459050e-01,-7.452881105781849168e-03,9.438575788675465650e-02,3.178331781440791870e-01,1.870895726053221630e-01,3.055759638514173315e-01,3.407305277769239193e-01,5.460614996740836835e-01,-4.657407093063250514e-01,-1.765508952868769799e-01,1.583479234422744408e-01
-1.152822028407854138e-01,2.113179517420033238e-01,-6.067976962856823017e-03,8.388487808140507318e-02,2.788586237690816039e-01,1.795908902350110692e-01,9.641591059942014597e-03,2.386130421884952724e-01,-1.400431358316038821e-01,6.891317695748183647e-01,-4.802763863822572810e-01,2.067776504626977763e-01
-9.696316646106241388e-02,1.067438355346183587e-01,-5.451040034867640771e-03,4.829450470494048298e-02,1.300820398565005476e-01,6.703054589069608327e-02,1.406473836552364909e-01,8.642970601371613437e-02,-4.679164754670905868e-02,3.248972226539627306e-02,-1.251769158584292441e-01,-9.535519453705206816e-01
-1.219474722146624140e-01,2.158157083698348522e-01,-6.636893429016578819e-03,8.592732117528939506e-02,2.474136174110357911e-01,1.877308493869458139e-01,2.898159182772278020e-01,1.404251666488317007e-01,-1.669921097588141501e-01,2.150549833106323860e-01,8.087277124874755474e-01,5.273000892965856723e-02
9.902194689048451903e-02,-7.048447258694680306e-02,-9.805303397756348627e-01,-1.257652930012939652e-01,8.554859905258084540e-02,1.665513431349431583e-02,1.741132011023517612e-02,6.518710050392058190e-03,-6.558810448815815283e-05,4.583417511689589358e-03,5.870068071041108096e-04,-2.641301098971508485e-03
