-6.160211256416080472e-01,5.764549213903745750e-01,2.243543065604631376e-02,9.835280736053440831e-02,1.791413364795551855e-01,-4.663073891453755615e-01,-1.079466319542505548e-01,-1.015801298612975523e-01,1.429459993359229186e-02,-2.060415203375564816e-02,7.023451844813881351e-02,-3.121091337226384113e-02
-2.048527127535701431e-01,-1.994218225927898713e-01,5.041507929651276032e-02,-1.904688858873163915e-01,-4.480779310164286766e-01,-2.946910198682614612e-01,-2.770824598404139083e-01,6.811609420232667134e-01,1.813609950820114017e-02,5.821523250306537972e-02,-5.700650591404871070e-02,2.100166778572127579e-01
-2.586146914772389782e-01,5.118603944686939827e-02,3.023258084431359669e-02,-7.010601065486894712e-02,-2.004943716646098162e-01,5.531354878505280181e-01,-7.088637689312825563e-01,-2.180957212154513158e-01,3.346692153395308678e-02,-2.657447685048696176e-02,1.114086303829615598e-01,-1.192518383843857027e-01
-1.393923485596476608e-01,1.529158215483642780e-01,2.310839656002647464e-03,3.019705725265318594e-02,6.225771831999344502e-02,2.316952226255961922e-01,4.233306836581846727e-02,5.080800454913463743e-02,4.376304384939469494e-02,1.505650853148100266e-01,-9.284884989349363460e-01,8.752793370012784679e-02
-4.276198319566753003e-01,1.535246510882340432e-01,4.201051013405683598e-02,-6.952662294206385374e-02,-2.333950422207302644e-01,5.042210280023359248e-01,5.965014484879818113e-01,1.697915560931214929e-01,2.235732370611764191e-02,4.945597658925524748e-02,2.577384695038370532e-01,1.557001059034425483e-01
-3.766155725313767300e-01,-4.794333136345173552e-01,-1.778901126565895011e-02,-5.061900573769813061e-01,6.086526907294466104e-01,2.903489093871229262e-02,-1.989206966095988672e-03,1.711051224221607492e-02,2.218289603824995238e-03,-2.331288687970373044e-04,1.066245748743728690e-02,6.562974942544408039e-03
-3.310454647542074857e-01,-5.054447607513856688e-01,9.390562784173499267e-02,7.892622961395134862e-01,5.589041970076660815e-02,4.580508440287719106e-03,-3.346813961266000524e-03,3.835193283592993468e-03,3.123226637145162039e-04,2.659536008168502438e-04,-2.789746994777640102e-03,-1.635279396845035031e-03
-1.265830703472912433e-01,-2.389134938081281800e-01,4.395125635132409586e-02,-1.783553120357258548e-01,-3.882160939953187007e-01,-2.336121198434713275e-01,8.460076850393517811e-02,-6.433636110990957890e-01,1.395111838734781895e-01,-2.086536198695934999e-02,-9.249548237966927211e-02,4.882009895542095412e-01
-1.071981149206841927e-01,-1.465050059012275863e-01,3.092757815662019322e-02,-1.233089166826794592e-01,-2.643717896650301102e-01,-1.478075645611452438e-01,1.372504665983042271e-01,-1.470948634649703601e-01,1.277235280048322763e-01,6.031070421875240894e-01,-2.693097623655407377e-02,-6.617344280032004811e-01
-9.167457389012562130e-02,-5.448391245317708159e-02,1.862241710665266115e-02,-6.468015876480685822e-02,-1.423114412757340574e-01,-3.416451571445116436e-02,4.091693546020692268e-02,-1.038393071770055687e-01,-9.660448515247592738e-01,-4.740052864577117692e-02,-8.090079048054474309e-02,-9.047650236894839992e-02
-1.186041165314410534e-01,-9.657089253852867150e-02,2.685138806462093741e-02,-9.958405272309538148e-02,-2.204893812847713574e-01,-5.800888517894640939e-02,1.542549357030552626e-01,-8.725985852678969437e-03,1.640343307486968882e-01,-7.771384041227870076e-01,-1.869146601592830415e-01,-4.736342139376069627e-01
8.925564390306713058e-02,4.678745557879148559e-02,9.905453063828588700e-01,-5.575036721506466952e-02,7.438519796321267641e-02,4.035211043981529709e-03,7.715159303440331643e-05,2.240757684203306330e-03,2.287629407011681690e-04,-1.106418775571730065e-04,1.133996863035846526e-03,6.622051255041857317e-04
