4.847967573582860346e-01,2.284834163273835594e-01,1.462406703602652236e-01,4.284048258687265798e-01,4.134167218881253381e-01,-4.883429510597971923e-01,1.753973846346530141e-01,-4.564999749315137162e-02,2.550623357702764826e-01,-1.705637410794671668e-02,1.579237356042354629e-02,-3.591843503881960407e-03
1.958043899390942422e-01,-1.694143473401924643e-02,4.256827823656333248e-02,1.374465560477293458e-01,1.293763495996195501e-01,6.404227334584642328e-01,6.526536525071725547e-01,-7.872792331502900809e-02,-7.158187606544012815e-02,-1.333382004890945605e-01,1.129166385180066651e-01,2.144351026243326297e-01
2.300581800962063495e-01,-8.673493827670051282e-01,-7.412695487032323893e-02,-3.578666752950881297e-02,-1.224109932958115932e-01,-2.962196503268010872e-01,2.526416033297252395e-01,2.411634759401902126e-02,-9.358182567527299767e-02,8.816123463961547668e-02,4.853209451523849555e-02,-4.446970779683198649e-02
1.095534016081377710e-01,-1.166787366945942900e-01,8.695962797780449130e-03,5.655791720183318133e-02,2.467386797471843307e-02,-5.450062039146682386e-02,-2.463797358712632168e-01,-9.239163796807479956e-02,-1.809241886794731857e-01,-3.955271066738997865e-01,-5.031705592720484566e-01,6.752299864145293595e-01
3.625568503640385076e-01,-2.922676579905714167e-01,4.107943717427542385e-02,2.008351034852366712e-01,1.481616771588007142e-01,4.763360247638115941e-01,-6.091451689027714833e-01,-6.691312093996315546e-02,2.816939933626717574e-01,2.038552175251916523e-02,1.342662751767130791e-01,-1.375946428257491527e-01
5.018493844832196960e-01,1.582167475374647858e-01,-2.747205310227273101e-01,-7.746293599492455328e-01,2.180150676286254363e-01,-5.565929267403858446e-03,-3.072664376506232132e-03,-6.385787786485246694e-04,1.138304805631670021e-03,-1.418744866171378757e-03,-4.075445153318413109e-03,1.150857383445748165e-03
4.758417757303968765e-01,2.250337711795059314e-01,2.243398351262966828e-01,4.418330458084058360e-02,-8.188152452915175017e-01,-4.918050297274684235e-03,6.672064327967516979e-03,-1.874218265641517441e-03,3.633681561237695357e-03,3.981146615974463787e-03,9.221152032766135112e-03,-3.029055690911153925e-03
1.299297618152236988e-01,8.765793808217385574e-02,4.305502197343138993e-02,1.178792711951073269e-01,1.190741291997974571e-01,-7.458899424464408845e-02,-2.153529209839852576e-01,-4.452048509645761820e-02,-7.655307132787546598e-01,1.257366625770082735e-01,5.187401332408787535e-01,1.436859693568578178e-01
1.059121395578085378e-01,9.779219621698509099e-03,2.585905894893998289e-02,8.188658269143216095e-02,7.002934072304042856e-02,5.515241429006567664e-02,1.967502132142393348e-02,-6.422947800050755884e-02,-4.128577769099828210e-01,-4.583334648377203613e-01,-3.658724568614891148e-01,-6.741444124932551851e-01
8.452579191337915299e-02,5.938494578047908042e-03,2.047598996705339916e-02,6.350366117726727322e-02,5.583694487085877345e-02,6.732568222705770378e-02,-1.814996993955994217e-02,9.855052523011283983e-01,-5.726091381526418611e-02,-5.158651884940093635e-02,-4.573167067390385837e-02,3.370817605758322927e-02
1.112416491509468641e-01,4.027912759310210006e-02,3.181552855764582799e-02,9.310872475102865975e-02,8.545382055821634792e-02,1.434281981038424691e-01,2.324618567386148305e-02,-2.812081390740304998e-02,-2.217982175141704759e-01,7.672946541905623086e-01,-5.552338918407564439e-01,-2.993402444605326382e-02
6.602971001422480724e-02,1.052097643136264554e-01,-9.164005734368450007e-01,3.427212172172746651e-01,-1.652615754079589105e-01,1.614967113867241295e-03,1.620261548578669046e-03,1.033219334136188948e-04,-1.897277989519569421e-04,9.739304635275683464e-04,2.311999830411654716e-03,-4.206350334159957602e-04
