-1.774547247126700700e-01,-3.957471351237211721e-01,1.990695381673961706e-01,-8.425751768901507122e-01,2.373471188437794865e-01,-3.752693519967909008e-02,4.248475246865682925e-02,-4.907699412418803364e-02,-1.933019603806882328e-02,-1.787883614089424804e-03,3.588051918086637509e-04,-5.476620131768908552e-05
-9.124658405098309277e-01,4.091528920287409443e-01,-2.833226937257539207e-05,-6.284322303195654688e-06,4.551248298161362649e-07,1.616083510138630683e-06,9.498524111317605902e-07,9.123182987584687965e-07,-6.521961839150719286e-07,1.080465408306052729e-07,5.607116527734494019e-08,3.576901997832782887e-08
-2.417403367789550395e-01,-5.391202244456752002e-01,-1.967310955219418456e-01,2.567452133439174777e-01,-1.659917595313120386e-01,-4.771555383337918732e-01,1.464577847617184320e-02,-4.137955320050278329e-01,-9.753207089931423268e-03,2.582113755204741845e-01,2.128218584722749995e-01,8.692795052476004480e-02
-2.947559561950310186e-02,-6.573187342483728657e-02,2.043164275862891996e-02,3.396054848331565845e-02,-1.893420633279511642e-02,-4.902818375749595781e-02,-2.756226008546508802e-02,-4.289356231654904705e-02,2.066806819820300178e-01,3.665821045109020071e-01,-8.967572939325966219e-01,8.127083409320343121e-02
-2.498946815735473281e-01,-5.573018039455900352e-01,-4.451976269718482815e-02,1.956005918819167799e-01,-2.051796141779439753e-01,4.757363167714722674e-01,6.530005784250372813e-02,5.602642104793715827e-01,-3.097153329428475876e-03,7.692729902605681749e-03,7.735591708960674016e-03,3.651920576152544416e-03
-3.979381141840603042e-02,-8.867733026651136718e-02,9.185001462053160592e-01,3.092248782027213760e-01,9.604528681544688418e-02,-8.349636147844376188e-02,1.033304392453605752e-01,-4.758362888447697364e-02,-1.482844594793065740e-01,-1.250988174168830153e-02,2.764098662484021623e-03,-3.171326149260229963e-04
-5.663258239777781144e-02,-1.263084862098564076e-01,-1.928625365167559447e-01,2.802948239805579389e-01,9.272832814413675129e-01,3.943701032265892886e-02,-3.338426972507943513e-02,4.598290448210483328e-02,2.079378521753577277e-02,2.576771486980422837e-03,3.134659280445409768e-04,3.902189365174527362e-04
2.956084703830407640e-02,6.591281412519874039e-02,-1.324135150541545514e-01,-4.165890738817169814e-02,1.632070913415293451e-02,3.376383537299281618e-02,1.078072532019818258e-01,3.991428748400606408e-02,-9.276129449863462773e-01,2.965589291163395758e-01,-1.112680562379635557e-01,-9.868278772003412011e-03
-6.705489508929855791e-02,-1.495469851547121809e-01,-1.040523446333005420e-01,6.739414754144995578e-02,-4.682645902417437167e-02,-1.337166785713713169e-01,3.624652209005049808e-02,-1.059035850447854060e-01,-2.305983517453741027e-01,-8.131398489365403437e-01,-3.311261081451894461e-01,3.180435794219006462e-01
-4.881077086651117170e-02,-1.088566736667029994e-01,-5.076755019200511476e-02,5.064490452607012250e-02,-3.342521689533398815e-02,-9.317071309263581791e-02,9.934314669459142280e-03,-7.482258439668136585e-02,-5.126773399411312104e-02,-2.224996994768294323e-01,-1.685895414620603716e-01,-9.405176318258475776e-01
-1.729888408171166223e-02,-3.858149069363998873e-02,-2.071618778940504876e-02,3.894255764770291478e-02,-7.198100629894289317e-03,6.711254743160032232e-01,3.103787093869689317e-01,-6.697679419257194233e-01,2.934226716327409737e-02,-1.872244979458157496e-03,-3.788847957299433435e-03,-1.565386334736313745e-03
-3.631274357037105049e-02,-8.097475200376368087e-02,8.404476412506087235e-02,1.385560493760422569e-02,-3.080228809182165156e-02,2.356867933228301293e-01,-9.336997558366283423e-01,-1.981262199381204347e-01,-1.313519495744989996e-01,-8.105600212195564203e-03,1.907096994661558248e-03,-1.517534812773604891e-04
