5.983384880126850769e-01,-2.738955492200688679e-01,1.134134532669873047e-01,1.131198166386696985e-01,1.157816836906404856e-01,6.822077966411130845e-01,-2.464540914977253194e-01,2.598219392476455031e-02,-8.254014827306687188e-03,-2.950400369406441445e-02,9.659276835514273712e-03,7.354676392847325078e-03
2.642408007800053915e-01,-4.028695438961728548e-01,-2.060433999492449764e-01,-4.760551397771067839e-02,-2.881197068786938709e-01,-5.196072662911297435e-01,-6.053513381476338662e-01,3.459123577076453609e-03,4.671983473694290602e-03,1.328887741673552211e-02,-5.207587284082925566e-02,-2.784886259942493530e-02
2.945481997242679340e-01,-4.060664457883423339e-01,-1.895425887383558050e-01,-3.518789794725644265e-02,-2.632371495308793441e-01,-1.073912982062893984e-01,6.846191672452160981e-01,4.013530936355477197e-01,-1.784075281442467189e-03,5.349528964959869917e-03,3.317501729051771254e-03,2.301335655700758806e-02
1.227404824956250945e-01,6.345637409851234700e-02,1.282177288275102578e-01,6.323510510935198559e-02,1.410520709983495713e-01,-1.760147407365163230e-01,-3.848641407796857955e-02,1.401945362561722586e-01,-1.025137964275150138e-01,-8.503214252991299349e-02,9.304091530099745100e-01,7.110748595636835756e-02
4.268617086959359819e-01,-2.563208082272385932e-02,2.304539334806918749e-01,1.318170190196930047e-01,2.511447364241107261e-01,-3.498882643250252888e-01,2.977291446647262196e-01,-6.614927569719301070e-01,-7.070904677928825655e-02,1.223406387304563775e-01,-9.046301033666670488e-02,8.237712938877547741e-02
2.667523078037771223e-01,2.581555112958360820e-01,1.956154874787419118e-01,-8.998745794668112641e-01,-1.187579862351556825e-01,6.347753677458383044e-03,-1.965129254710897965e-04,2.893523758509066162e-03,-3.018487688191626443e-04,6.021163710305988022e-04,-9.135894027252314698e-06,2.577294726955632782e-03
1.409037272663675178e-01,3.532615400895705027e-01,4.138487908331401899e-01,3.330592280771526026e-01,-7.566324759287623714e-01,2.296131418051712211e-02,-2.141575130473756636e-04,-1.116544120563786775e-02,-1.669428426186118659e-03,-3.073896709957386615e-04,-1.941336440691340077e-03,1.365308752856343429e-03
1.384779561674765458e-01,1.948739997068344998e-01,2.538215798883218244e-01,1.152863545293695974e-01,2.939549001234871839e-01,-2.055162812350875279e-01,-1.180976020035605367e-01,5.341649707632664112e-01,-1.309262907777056784e-01,3.458548709003924637e-01,-2.627714554908723854e-01,4.810403663148678510e-01
1.170983928729179835e-01,9.898291500755063144e-02,1.564140959148022370e-01,7.148797059094609552e-02,1.765814311384875102e-01,-1.182693169027037999e-01,-4.851946283972534066e-03,2.319591080582230069e-01,-5.493161055740917315e-02,3.208162745614274725e-01,-4.389508709513684909e-02,-8.602615327402722833e-01
9.549083674750026562e-02,5.364648595917496932e-02,1.036165277998340739e-01,5.022401334666149603e-02,1.151560229930593121e-01,-1.014942654743914707e-01,3.484820382370570121e-03,8.474439243244331899e-02,9.678290658458769125e-01,-8.360512590793814369e-02,1.508653426380186964e-02,8.856942117294482747e-03
1.235966549262657588e-01,1.003883126565932871e-01,1.613137318580179780e-01,7.469037632934417970e-02,1.838582231764246955e-01,-1.804535613385627735e-01,-1.229877114560670671e-04,1.858591037425963710e-01,-1.659603903121322221e-01,-8.644059537451214137e-01,-2.283244594760432677e-01,-1.235385071705038668e-01
3.739513358250207142e-01,5.838976362551141497e-01,-7.099456332809336301e-01,1.229623659845117817e-01,8.189630936709867484e-03,2.875899380724763685e-03,2.404462884073224193e-04,-2.444773652295765490e-03,-8.787933861933410059e-05,6.453714828837177103e-05,1.017872639894023187e-05,-1.247838683662030011e-04
