-6.356875226548730495e-01,-3.323632206752040741e-01,-3.376528867884317359e-02,4.624603669738066788e-03,2.259350853222173716e-02,-4.479243423616700581e-01,-5.161790612229930630e-01,1.826487317344387823e-02,-7.168847935878860933e-02,-1.008394918386865680e-01,-3.232357081060771575e-02,-9.027970956980209015e-04
-2.332506381072285973e-01,1.318189218228229265e-01,-1.603283197972374396e-02,-7.659503859096779277e-02,3.900436176362095386e-01,7.417521183494026060e-02,1.350250682921249334e-01,-3.417417488646641577e-02,6.334611030904742368e-02,2.135811504200182259e-02,7.571321491409477300e-02,8.572380307395579546e-01
-2.742447298553605251e-01,2.074259999127740783e-02,-1.714398285578806400e-02,-4.555093572532504381e-02,3.839048645074674138e-01,7.747474070103984589e-01,-3.071115978205755104e-01,-5.058689333225867800e-03,-6.589487622645562315e-02,-5.929941826015160816e-02,-3.620400215010743938e-02,-2.661989289847870865e-01
-1.335205968735214133e-01,1.947767131614874109e-02,-8.253832757315652038e-03,-2.395375746529643940e-02,8.411621545553799040e-02,-4.747758632686090857e-02,3.008837576397404567e-01,-1.237821463726158644e-01,2.276225884707631653e-01,-4.686418890773812462e-01,-7.682797734678895596e-01,-6.540011239024352829e-02
-4.842936437923542337e-01,-4.274457510427132623e-01,-2.354880172606128169e-02,5.768347648802133604e-02,-2.910600813454974345e-01,2.300341978472846549e-01,6.002735104197494120e-01,-3.569625543551963737e-02,4.809803954891337524e-02,2.246685264619238120e-01,1.494589544139267312e-01,-6.712902974031936809e-02
-2.487070165264734789e-01,4.661317337933996718e-01,-1.926923814037680149e-01,-6.461115112717688014e-01,-5.012350441730025752e-01,8.402180253230714935e-02,-7.816616328833637939e-02,-1.384182163299065536e-02,3.592418680292724497e-03,-2.518123613787614720e-02,2.502405694851878807e-03,3.200855753410641880e-02
-2.899387926745908839e-01,5.586959493555913037e-01,-7.775955872832419381e-03,7.298490843805873762e-01,-2.584539690932120548e-01,4.276916031235777904e-02,-4.221122134004013510e-02,-6.870612770885074425e-03,1.947983937971133409e-03,-1.295349465573660507e-02,2.248825388111185854e-03,2.051556954037990488e-02
-1.447262713662485489e-01,2.220060984432664364e-01,-1.121686645130618755e-02,-8.647129602701104922e-02,3.262746862683518767e-01,-2.202866579547812509e-01,2.752093446368220619e-01,-1.379662738029536206e-01,1.372069934295810367e-01,-4.800690840811389082e-01,5.726877070363129985e-01,-3.084557383462886437e-01
-1.145652488290188620e-01,2.126729899157535630e-01,-9.569322909855392315e-03,-7.942092118297947034e-02,2.913597891661862116e-01,-1.954315602510872940e-01,-1.250953044598838299e-02,-2.253698143969949386e-01,5.172570053066668505e-01,6.502345130331033118e-01,-1.198843028193254806e-01,-2.376588055164580160e-01
-9.655433926906457909e-02,1.077815899718185949e-01,-7.298768956214268973e-03,-4.599153406226438867e-02,1.431839206402180376e-01,-7.369104562924432000e-02,1.304976257230425762e-01,9.520529327811024789e-01,1.156894524293383547e-01,5.250292263488172406e-02,-5.079032990163297873e-02,-9.383607422164236267e-02
-1.214594441213702747e-01,2.142645598273072161e-01,-1.021504288324471058e-02,-8.056163423924585232e-02,2.673512596690101328e-01,-1.929093153134094074e-01,2.629917870096587507e-01,-7.349985998366373452e-02,-7.953608958275966145e-01,2.427180037523767875e-01,-1.854338313960186835e-01,-1.535886669202548016e-01
9.925496398173341839e-02,-8.471315114532061707e-02,-9.798573554905591898e-01,1.249224661873505754e-01,8.259542117710008680e-02,-1.433452080886056870e-02,1.295503288922003442e-02,2.150325369913237868e-03,-4.007732264655341440e-04,3.989797377751556386e-03,-1.953734005548894562e-04,-5.478899987531814751e-03
