1.466961993383033569e-01,4.096286872719737682e-01,2.342085827626510033e-02,8.945819890253206008e-01,7.352878013824060144e-03,6.439232731262319390e-03,-3.431865525066397915e-02,5.841791651383702877e-02,7.074861245775640461e-02,-1.144395384780868240e-02,6.067118129848746155e-03,1.430178528698237378e-05
-9.410646492008351016e-01,3.381858576936385696e-01,5.212296399207202828e-03,-6.737849371683086400e-04,-6.381419222616769140e-05,1.188128066001962351e-04,9.550132210775540489e-05,4.033524280169913529e-05,1.653091492434944674e-05,-1.675824315028655797e-05,-1.288526440129268720e-05,2.079429678703995158e-06
1.998303305643957528e-01,5.563927496480196577e-01,-7.632466616364537437e-02,-2.859157902316248889e-01,-5.110455895521371500e-02,6.565550861397358995e-01,7.935751501969813548e-02,-2.411959843552131944e-02,-2.650834372014091236e-02,-2.999668970134046209e-01,-1.552127843103035254e-01,-8.713315131604308650e-02
2.436636148044489872e-02,6.712737999534296174e-02,3.799183183527168883e-02,-4.663397200902613671e-02,-5.990287295376532650e-03,4.965221709012869467e-02,4.395340093928942066e-02,-8.682152490937443401e-02,1.151768432029367656e-01,-1.811271616945651641e-01,9.626929181461928442e-01,-8.037770348109797569e-02
2.065769716670500245e-01,5.707674182643548422e-01,2.398173830975559029e-01,-3.023538771976830852e-01,-1.711476489286084257e-01,-6.433509660111318418e-01,-1.514593832363819725e-01,1.057740423619855236e-01,-7.150838400693966534e-02,8.341555680339255915e-03,-1.061768214779139699e-02,-2.103096500476331430e-03
3.291041137159005092e-02,1.060337439110258656e-01,-9.407362282028099987e-01,-3.859652955071234820e-02,-6.709653690863352782e-02,-2.448311194190605222e-01,9.899003190193103596e-02,3.944037320163622934e-02,1.562659190405514542e-01,-2.786149756193776611e-02,1.432824897800545269e-02,-1.259154512449774631e-04
4.681055472849154214e-02,1.308569178736901650e-01,-3.436234930431357470e-02,-8.240870570292145592e-02,9.774636617167820063e-01,-7.657357936678683974e-02,-9.622398601039285071e-02,3.951832501584209151e-02,2.394763519957791853e-02,-4.289508335388571986e-03,1.345481627113879423e-03,-3.118036494096892552e-04
-2.444034323203031836e-02,-6.540021439565307793e-02,-1.572451096949560034e-01,7.723228498190534697e-02,5.753275580005354911e-03,2.007113626493190958e-02,-1.398805362834910082e-01,3.379803614422552394e-01,-8.843805473810392170e-01,-1.808959286207828809e-01,1.235424262009917340e-01,9.293584797061080899e-03
5.542896646923285014e-02,1.552256106089222321e-01,-7.383356803072221863e-02,-6.555375015998707311e-02,-1.406629276647765672e-02,2.056432500112735928e-01,-1.814150585519089948e-02,8.764384762797657047e-02,-1.284224878338059705e-01,8.793348619518494003e-01,1.395105746245390022e-01,-3.215603352626652534e-01
4.034875527468349821e-02,1.125485361433399695e-01,-2.717360454530574898e-02,-5.438578660327642034e-02,-1.013882405947907038e-02,1.337174566029862011e-01,6.258453740462501837e-03,1.644761799473245731e-02,-2.831759596412281380e-02,2.595358973019645799e-01,1.144573858083987594e-01,9.393904825169552275e-01
1.429707249498133464e-02,4.191433941222225817e-02,-1.173682975885407542e-01,3.616534609726169969e-02,-1.654762578283424865e-02,-1.114170442192098306e-02,-4.849974002844575360e-01,-8.327814345343750313e-01,-2.295822084952823527e-01,2.876942397750982539e-02,-1.655840047028833001e-02,-5.692171539083195828e-04
3.001954479799906830e-02,8.256749112274758273e-02,6.153470337943091339e-02,3.966641532113786978e-02,8.638355285946373863e-02,-1.613252932524170957e-01,8.327288587982756285e-01,-3.980635797313386570e-01,-3.143073268798526887e-01,4.558404296464003969e-02,-2.596299943533863716e-02,-6.927053081763112413e-04
